2.1256907
1.51298547
0.733443141
1.64328384
1.49582303
1.14210355
1.25972784
1.68720353
1.24232757
-2.09756684
0.31012845
1.17270172
1.0766722
-0.109908774
2.11712193
1.85870385
1.45120239
0.753823102
1.46872795
-1.2997936
1.21278191
0.908293545
1.530146
2.00822043
2.22440386
2.23716927
2.16177773
1.98664546
2.14074445
1.51901233
1.41695225
1.36559689
0.532942832
0.350017
1.26159441
1.77122903
0.971314192
2.09926844
1.31577027
1.08177817
0.764281273
1.12399554
0.759037316
0.569243
1.25328529
0.276305884
0.846819818
0.613078594
1.16057527
0.935591221
1.65874553
1.3798604
0.86496824
1.5001775
1.45515645
1.88892627
1.33860826
1.35590661
1.49788868
1.54746985
1.97905374
1.25495148
-0.6142115
2.06560421
-0.205199093
0.985166
1.11299562
1.49293947
1.1961565
0.740517676
0.359508604
0.409813821
1.05807877
2.0239768
2.42278481
1.65815389
1.46600115
1.94533944
0.671041369
1.53339386
1.82061577
0.547487497
0.463763952
1.48326087
1.13739502
1.02759075
0.636974394
1.70130682
1.85091221
0.33888492
-0.120916739
0.794749141
1.75252414
2.34505653
1.01811099
0.325470299
1.83989203
-0.272948503
0.991167545
1.09778333
0.816929221
0.538318634
0.437720299
0.586818576
1.02304411
-0.242496118
0.162832528
0.724378228
0.250691801
-0.667184711
1.75880957
1.58699679
0.957819641
1.05806589
0.975692153
0.49470669
0.484073818
-0.00498635927
1.47157407
1.79281187
1.54829276
1.01288664
1.36624575
1.78164828
1.15150595
0.522849321
1.7739166
1.17780483
0.468566597
-0.187575758
0.785789192
1.44475937
0.78043437
1.83828306
1.29987514
0.912216723
0.351663589
0.917441607
-0.559016764
0.532741845
0.988277256
0.3492347
0.459638268
1.04057097
1.2230947
0.926191092
1.23400378
0.967771709
0.8056584
0.996171951
0.971631944
1.35388637
0.476647794
0.519242048
1.65485048
0.90813911
1.28682196
-0.269643
0.558347225
1.69565427
0.672714472
0.187248275
0.929882348
1.59405792
0.756342828
0.421953738
-0.445171744
0.164649352
1.05728722
2.08464766
1.60834539
1.30280316
1.62788355
1.48987031
1.10884774
1.29895711
1.59667659
0.678028584
0.7329337
1.30906177
0.883864522
0.570634127
0.655415893
1.50116444
1.32307374
0.438968748
-1.48096633
0.913964212
1.02079952
1.85318267
1.09767389
-0.366709024
0.860865653
0.335222512
-0.27182427
1.28214085
0.381599903
-1.68363476
0.176068544
0.387212217
0.350355327
0.190609351
-0.405099928
0.186196834
0.370007217
0.336553782
1.0967654
0.773778439
0.0134948166
0.679249883
0.596540689
0.45194754
-0.265760511
0.356760561
0.81993413
1.38133681
0.40852496
-0.0824755579
-0.184430391
1.11362123
-0.236689225
0.271434933
1.45491493
1.01226234
0.501069129
-0.030221954
-0.451363206
0.669809
0.488094777
1.41310394
1.10900819
0.126519933
-0.910315096
0.357415199
-1.18962169
0.245684683
0.412237644
-0.577631176
-0.190010667
1.21107006
1.10581589
1.02305472
1.30767536
-0.791579425
0.472137332
0.0695990324
1.16690552
0.778072894
-0.346975774
0.310833782
1.4250766
0.466283739
0.927407324
0.802263916
0.499099433
1.00295842
0.709461033
0.132918447
0.474567801
1.1265862
1.37673497
0.647278
0.095235534
0.482448816
0.590017
1.75760055
0.834205031
0.936972558
1.49190784
0.645958602
0.990244269
1.09088254
0.636513293
0.435965836
0.659372032
0.895199776
0.68418014
0.475832671
0.187219411
1.18154776
0.391947031
0.226125926
-0.241861805
0.936683893
-0.327997
1.41149271
1.26770198
-0.552239776
-0.583307624
0.5615412
0.094716467
1.28588641
0.78729248
0.119904928
-0.515515924
0.385570079
0.031587787
-0.598396659
-0.725504935
-0.494149148
0.271310359
0.262935817
0.735706925
0.000814344559
-0.51519227
0.18553479
0.782326639
0.245899871
-0.0134018641
0.370231628
0.833562851
1.07494378
-0.85336107
-0.0267392788
-1.14897847
0.974798262
0.592617571
-0.549266815
0.522941947
0.192751661
0.191131473
-0.049920015
-0.681698084
-0.163017392
-0.469720334
1.00749099
0.198945671
-0.80709511
-0.55729574
-0.618833959
-0.477476716
-0.0603525862
0.371280074
-0.0571043603
0.0261537805
1.02268803
0.932632327
1.10338199
0.95669347
-0.0282989703
0.637185931
0.772892356
1.01112437
0.348337
-0.581635237
0.705257952
0.482792616
0.742400527
1.28825831
1.2930932
0.526126742
0.10907121
-0.0955217481
0.663894415
0.348348349
0.29818216
1.42348182
0.0609859414
-0.283219725
0.269408315
-0.358598381
0.844614744
0.630772352
-0.0391215645
1.09067297
0.283462793
0.806221962
0.969315767
0.27938804
0.0770434216
0.556728542
-0.019450007
0.00416613836
0.236689791
-0.950271368
0.745612741
-1.03181064
0.502267718
0.0678119883
0.825904429
0.50442946
1.11542368
1.05061257
-0.0320384726
-0.324881643
0.396789253
0.629195631
0.905724585
0.581297278
0.216628507
-0.947518945
0.036748156
-0.0839927271
-1.35285008
-0.511306107
-1.27387094
-0.517590165
0.02471992
0.64506346
-0.509578705
-2.3746109
-0.542040586
0.195777208
-0.275626719
0.147120684
0.365146786
0.444995821
0.598912597
-0.437723607
0.129714623
-0.652849138
0.53754586
0.41530785
-0.026936058
0.568944395
0.273415625
-0.970896602
0.118388228
-1.45075941
-0.994538963
-0.965360165
0.791710377
-0.43063578
-1.0396812
-1.8500216
-0.878723443
0.123087488
-0.234548807
0.224013209
-1.83510768
-0.343386829
0.461813033
-0.119513273
1.03950703
0.450140685
-0.0641282648
0.331307769
0.573774219
0.0866974071
0.0586116873
-0.245335355
0.267307252
-0.438403964
-0.159654975
1.0904057
1.09612286
-0.334327817
-1.02119017
-0.971696258
0.410390288
0.111286424
-0.807688117
0.707811654
-0.104844958
-0.831225336
0.13364315
-0.679264545
-1.00814593
-0.247452
-0.984634578
0.578547537
0.5596506
0.527475893
-0.13050127
-0.0869162306
-0.495788902
0.51444751
0.266194314
0.0869142562
-0.546657562
-1.06566823
0.545426071
-0.072201848
0.39767766
0.0540859886
0.388277471
0.325779378
0.881621957
0.79596585
0.141270801
-0.734172761
-0.301724285
0.131804705
0.719079256
0.135287061
-0.424847394
-0.230980515
-0.0663408116
-0.446114749
-1.09169078
-0.664812505
-0.521509528
-1.10315883
-0.224006906
0.373448849
-0.505043149
-1.5086627
-1.61145961
-0.850045621
-0.630645692
-0.300116658
0.124330886
0.203401029
0.557728112
-0.718495965
-0.331074953
-0.381551117
-0.242432326
-0.342032105
0.268697083
0.701387703
0.357582271
-0.470204055
-0.380250663
-1.62288058
-0.815829873
-0.244156197
0.655517519
-0.707110941
-1.6736356
-2.29903531
-0.732227862
0.197103426
-0.412684321
0.101121537
-0.955248475
-1.0960778
-0.15902628
-0.10931351
0.776820779
0.442989
-0.50340271
-0.074946925
-0.242892891
-0.516030073
-0.28843236
-0.65639019
-0.647079527
-0.447973
-0.584862471
0.438591331
0.697775602
-1.01078
-0.721000731
-0.992012441
-0.440246224
-0.147758082
-2.01921558
-0.360648
-0.0812227428
-0.774401128
-0.116296977
-0.510319471
-0.373466372
0.198509708
-0.337796718
0.385825783
0.48135221
-0.0202025659
-0.499790102
-0.845882058
-0.87922734
0.594051301
-0.707349122
0.136227489
-1.56581974
-0.804539263
0.33544156
0.214145809
-0.0746054649
-0.0555853173
-0.367214203
-0.504556596
0.753766537
0.708320558
0.0224833265
-1.1729002
-0.956718802
-0.890697479
0.123750247
-0.778963804
-1.09017861
0.1723928
-0.162431821
-1.03752208
-1.50106525
-1.24965167
-0.71171689
-1.70545197
-0.933601499
0.218152836
-0.215853423
-1.3549403
-0.820845723
-0.64329493
-1.57307041
-1.10825515
-0.54390347
-0.599176824
0.039985273
-1.01407599
-0.516403794
-0.842736661
-0.711240828
-0.825449109
-0.0619458556
0.164348826
0.345942169
-0.689810932
-1.48251808
-1.95278156
-1.57440639
-0.902704895
0.302979
-1.13379622
-1.71380436
-1.70188963
-0.490943134
-0.0832463279
-0.359647244
0.0931245461
-1.28390205
-1.8897655
-0.744100749
-0.517151117
0.237450182
-0.0795094892
-1.33688736
-0.0904873535
-0.881050467
-0.689620733
-0.82529676
-1.5163424
-1.23834479
-1.24863
0.278059
0.1926561
0.499568224
-1.05746675
-0.632756829
-1.13846242
-0.235976085
-0.099183552
-1.64917564
-1.06366444
-0.914229274
-1.36729121
-0.799754858
-0.704534471
-0.254536033
-0.145540506
-0.269572705
-0.0547634214
-0.0519677587
-0.416716635
-0.303053439
-0.814016163
-1.75192583
0.515657783
-0.315894663
-0.115286529
-2.49457908
-0.876929462
0.300154507
-0.181221336
-0.833157122
-1.08561325
-0.741832852
-0.535868943
0.284500092
0.292200625
-0.19186911
-0.834688485
-0.90920043
-0.427628875
-0.496588349
-1.20268798
-0.387668341
0.0593056567
-0.117136016
-0.988298297
-1.13185477
-1.47780979
-0.89483577
-2.11552167
-1.14223242
0.184157729
-0.253735572
-1.57992518
-0.218884408
-0.598073781
-1.43659866
-0.60753
-0.683056653
-1.1833632
-0.796132088
-1.19388413
-0.256060511
-1.02342391
-0.906518459
-0.509027958
-0.330137193
-0.944717
0.529529452
-0.684383631
-1.90112698
-1.82734966
-1.35765326
-1.42343688
0.0540944636
-0.803382456
-1.62875438
-1.04749346
-0.208979949
-0.740124166
-0.0763754919
0.0761652663
-0.817183912
-1.69630575
-0.651115835
-1.61361361
-0.219075233
-0.688384712
-1.98247099
-0.494882345
-0.617046
-1.55899072
-1.51468658
-1.45499873
-0.809921
-0.545155108
0.491772711
0.0564672872
0.723123193
-0.953217685
-0.807000279
-1.62649536
-0.0413816497
-0.0859095529
-0.98680383
-0.548932433
-0.966401
-0.832074702
-1.65842128
-0.528051853
-0.73494488
-0.749829173
-0.875559926
-0.851776
-0.924253583
-0.469658434
-0.187257275
-0.833885849
-1.87365699
0.390230656
-0.300625294
-0.18841435
-2.43481445
-0.919941962
0.533240676
-0.543391
-1.38769984
-1.59627473
-0.424045
-0.150139034
0.0562507175
-0.163918138
-0.509342313
-0.400131911
-0.612737954
-0.75265491
-0.460574627
-0.53246057
-0.254677713
-0.837514341
-0.463015527
-0.529974341
-0.722839475
-1.46915567
-1.21519959
-1.04802859
-1.55658507
0.150684863
-0.527935624
-1.44473267
-0.0824164674
-0.986683071
-0.958142519
-0.16315639
-0.179079726
-0.734629929
-0.424716026
-0.218957648
0.183788687
-0.935089588
-1.28381443
-0.75683111
-0.578291535
-0.922556877
0.5165025
-0.620441318
-1.03781617
-1.75579071
-0.639527917
-0.678222299
0.0603072792
-0.571156502
-1.08769011
-1.2128309
-0.401133686
-1.37558079
-0.180533111
-0.17301853
-0.462842286
-2.03863764
-0.681547225
-1.27775228
-0.151930958
-1.33241904
-1.55931699
-1.13847888
-0.18789871
-2.15812922
-1.62594819
-1.10046101
-0.245993
-0.707217515
0.49153927
-0.774727941
0.799294174
-0.444441736
-0.572333
-1.41278136
-0.166536182
-0.365995556
-1.29338968
-0.408573478
-1.05561602
-0.556159616
-1.11406505
-1.1706084
-1.31000459
-0.965096831
-0.281952828
-0.261210203
-0.599680126
-0.740358353
-0.27213639
-0.563203931
-1.61151052
0.438148201
0.157472685
-0.200033113
-1.65866196
-1.52509391
0.472091794
0.04521529
-1.13441789
-1.32633328
-0.271586269
0.10224285
0.547299922
-0.634758
-0.809631
-0.110111438
-0.535231888
-1.11750054
-1.14620399
-1.12534344
-1.09950745
-0.298373729
-1.21396804
-0.630909324
-0.606082559
-1.1280427
-2.25691032
-0.935086489
-0.976976156
-0.137150243
-0.901792288
-1.23829079
-0.428257614
-0.753113508
-2.16113305
-0.388814718
-0.814286232
-0.907497287
-0.302272141
-0.070993565
0.208471462
-0.746557653
-1.08855343
-1.47039449
-0.944123626
-1.1937995
0.119253591
-0.8780213
-0.884578109
-1.66315341
-1.02297986
-0.235659122
-0.486781955
-1.16003513
-1.19413447
-2.06371045
-1.05725694
-1.51025391
-0.355523527
-0.603350163
-0.757235
-1.79040015
-1.38514531
-0.786718
-0.59490788
-1.67811084
-1.24473262
-1.17030501
-0.585511
-1.16439164
-1.40507412
-1.64411259
-0.340087444
0.0434276946
0.072948046
-0.47092241
0.581270695
-1.46278238
-0.818148315
-0.926529825
-0.344776481
-0.758488417
-1.9803896
-0.341554135
-0.906363547
-1.22442567
-0.669962883
-0.329283416
-0.439670146
-0.57305789
-0.0582604632
-0.428858876
-0.602379382
-1.90090501
-0.875944674
-0.809347808
-2.17640781
0.177032217
0.0552866533
-0.373710424
-1.62872458
-1.85006666
0.0862035453
0.00227323873
-0.723141134
-1.74906361
-0.905186296
-0.921942115
0.639943838
-0.880385876
-0.682433605
-0.211294815
-0.62543726
-0.94662571
-1.6430217
-1.82127857
-0.959821641
-0.729328334
-1.25413096
-1.37853575
-1.54817426
-1.43601382
-1.72234464
-1.93129826
-1.82797253
-0.589219332
-2.24181724
-1.21954226
-0.296144098
-0.712679148
-2.56204224
-0.960513234
-1.33655679
-1.28590584
-0.504536
-0.440196604
-0.454447061
-1.17317176
-1.26055408
-2.02607059
-0.998776913
-1.23867011
-0.181916907
-1.03317559
-1.06918514
-1.22230983
-0.728099883
-1.15970016
-1.31137919
-2.47362018
-1.91620314
-1.51767933
-1.37230754
-1.49970782
-0.721142709
-0.833216
-0.885041058
-1.55645132
-1.51781178
-1.37544727
-1.11819673
-1.08799577
-1.45129585
-1.84177852
-0.990447581
-1.36233354
-1.39489448
-1.60843563
-0.917455256
-0.115273766
-0.875201643
-0.419726491
0.263152331
-1.84010053
-0.965547562
-1.38139606
-0.286627233
-1.03313696
-2.28839111
-0.574742436
-1.1374923
-2.25716162
-1.3106631
-0.455272615
-0.0454647392
-0.650481343
-0.663065076
-0.851640165
-0.56719023
-2.02420449
-1.43712354
-1.57838452
-2.24331188
-0.286804616
-0.451702952
-0.698459089
-1.81336236
-1.54102933
-0.440427125
-0.644865572
-0.911329627
-1.55958772
-1.69887757
-1.5052222
0.519398689
-0.546663344
-1.11742854
-1.15916491
-0.751297772
-1.15130723
-1.12646723
-1.37351751
-1.04317486
-1.14798176
-1.03069437
-1.19508994
-1.46117556
-1.70008063
-1.70702052
-1.82104576
-2.58427644
-0.512343287
-1.25037336
-2.1195271
0.00397712784
-0.926700115
-1.2809931
-0.66735
-0.951909602
-1.56692278
-0.710532129
-0.660947859
-0.696263075
-1.58164155
-1.7517705
-1.1000818
-0.980046511
-0.779557943
-0.569664419
-0.862883687
-1.11256826
-1.45269346
-0.472381
-0.52511549
-0.820097804
-2.10508418
-1.37523818
-1.38431263
-1.22758603
-1.31297982
-1.48827
-1.11923242
-1.25042033
-1.50574696
-1.43693376
-1.27920365
-0.984054327
-1.24741387
-2.33137083
-1.48605967
-1.31576288
-1.65203762
-1.67266393
-1.47912431
-1.30172765
-0.734419465
-1.62722123
-1.24910867
0.161616549
-1.59346139
-0.931422651
-1.71773267
-0.663807034
-1.09547257
-1.67931128
-1.16522479
-1.98991251
-1.51755309
-1.93553579
-1.1029104
0.185847551
-0.372336626
-1.007864
-0.560628772
-1.29109824
-1.22912824
-1.05818939
-1.20353305
-1.60203922
-0.467377514
-1.15172708
-1.13275611
-2.51530123
-1.65460157
-1.10231352
-1.26477623
-0.993528306
-1.80232453
-1.8719945
-0.749945
0.47510767
-0.680352867
-1.28381097
-1.01707256
-0.709627688
-1.62783051
-2.60719252
-1.91866016
-1.33836412
-1.16566527
-1.796085
-1.16508365
-1.56140184
-1.88213587
-2.7088058
-1.68214285
-2.84222794
-1.09122634
-0.738427699
-1.23516214
-0.180660352
-2.05234075
-1.38546729
-0.950448573
-1.90708017
-2.21380568
-1.66343
-1.14855325
-0.714697957
-1.64227247
-1.81759751
-1.41401911
-1.68124485
-1.17428195
-2.08856082
-0.818099916
-1.95843697
-2.48440552
-1.19340515
-0.430913717
-1.20547557
-1.56596315
-1.47872913
-2.08401775
-1.2196703
-1.49511838
-1.58421695
-1.75137007
-3.28180051
-2.30632782
-1.63583767
-1.94778371
-1.4469893
-0.997372091
-2.88629
-2.18693328
-1.49480581
-2.6431489
-2.71512699
-2.65388775
-1.90409279
-1.44080436
-1.85643649
-1.30169511
-0.621181309
-0.707786918
-1.22429359
-1.38490987
-1.90351021
-2.05933285
-2.22710133
-2.18516707
-1.61559665
-0.887000382
-1.54509234
-1.30459666
-0.805546582
-0.833828092
-1.72172141
-0.812906742
-1.24743891
-2.09168124
-1.48544669
-1.11131597
-1.70201683
-0.886293709
-0.854379773
-1.34544563
-2.66253471
-1.75803554
-1.9993484
-1.66535211
-2.06591558
-0.990281582
-1.48330188
-1.1958282
-0.46208334
-0.938391805
-1.99279034
-1.18027365
-0.83566
-1.30106306
-2.90467691
-2.69067669
-0.934110165
-0.684912324
-1.2831192
-1.77603078
-2.25487876
-2.05268192
-1.82617688
-1.32643867
-1.9172442
-2.04196334
-0.605394304
-0.84084928
-0.0737695843
-2.16596174
-1.35022295
-1.11553597
-1.5225091
-1.24381304
-1.70784664
-1.15658891
-0.798026323
-1.37313485
-1.89912975
-1.2366873
-1.06294942
-1.83217
-1.97196519
-0.718902946
-1.02596402
-2.05217171
-1.41675651
-0.544096
-1.28940749
-1.00608587
-1.23819864
-1.18587255
-1.06841016
-0.734732926
-1.52496767
-2.45293713
-2.50448132
-1.46898961
-1.35232449
-1.82488918
-0.900735497
-1.01388443
-2.03746223
-1.96957099
-0.905534148
-1.97643042
-2.99081492
-3.07982588
-1.74974501
-1.77550542
-2.03565526
-1.3458823
-1.25996494
-0.781496644
-1.46571279
-1.48310471
-1.3622824
-1.88344395
-1.70308959
-1.28848541
-1.21064186
-0.824578702
-1.70654523
-1.41836119
-1.79991305
-2.18866038
-2.20135784
-1.06838667
-1.56013489
-1.92279375
-1.68465686
-1.76362896
-2.30119944
-1.02709913
-1.35494077
-1.46009767
-1.96211958
-1.84098589
-1.26583731
-1.48809743
-2.55047274
-0.88088572
-1.01691365
-1.52996886
-0.661028087
-0.97677964
-1.52843153
-1.61700976
-1.06901371
-1.87940264
-2.51111102
-2.964324
-0.956894398
-1.35323155
-1.47340488
-2.21650147
-2.84488344
-2.52466226
-1.92625952
-2.04884434
-1.93919778
-1.59575129
-1.2075479
-1.42577
-0.524877906
-1.48679054
-1.43838692
-0.338376611
-1.07047725
-1.02302361
-1.99316764
-1.35763252
-0.496932924
-1.15971649
-2.12914538
-0.784523129
-1.25289977
-2.49091864
-1.4342792
-1.51305366
-0.684891284
-2.37455034
-1.35091829
-0.369553238
-0.832403302
-1.53055215
-1.5506835
-0.699917912
-1.17251492
-1.24639535
-2.16344738
-1.83104074
-2.68095422
-1.76083016
-1.72951412
-1.9250536
-0.604722857
-1.95632
-1.75704432
-1.35198939
-1.20974946
-2.26100397
-3.28619885
-2.45896244
-1.33830178
-1.52695584
-1.98193574
-1.08360314
-0.418765903
-1.06160522
-1.02024186
-1.99427164
-1.46772623
-1.05947411
-0.762188435
-0.548207581
-1.93879247
-1.59848952
-2.42531633
-1.19359863
-1.23113179
-2.18179703
-1.17346871
-1.54593706
-1.36082804
-2.16573334
-2.61323905
-2.14568186
-2.43044782
-1.58072627
-3.11918092
-2.24094033
-2.00376177
-2.03174
-1.75295925
-1.63048697
-1.32211351
-1.64660454
-1.31337774
-1.60147178
-0.136910915
-1.29689276
-2.24005747
-1.36370361
-0.677792549
-2.61838388
-1.80876684
-2.029217
-0.807584
-1.49673378
-1.28895235
-2.63524413
-2.89262104
-1.64613509
-1.60286558
-2.67311668
-1.47141874
-0.878192186
-1.58004975
-1.71711397
-0.624792099
-1.27378404
-0.815025091
0.312657267
-1.17086887
-1.24317813
-1.291394
-1.41800392
-0.283033639
-1.26207471
-1.70278811
-0.512016773
-1.28475165
-1.57334805
-1.45992112
-1.30965185
-1.07002306
-2.07429218
-1.2356379
-0.418134272
-0.876885533
-1.88430047
-1.82649922
-0.938953638
-1.28159332
-1.43531179
-1.87347353
-1.93660843
-2.08839893
-2.54231071
-1.51740229
-1.72983742
-0.260194212
-1.1801784
-1.42303
-1.07309413
-1.56105554
-2.58540487
-2.30425572
-1.58954871
-1.24468923
-1.1038059
-1.17118192
-0.483393759
-0.0342606269
-1.49966621
-0.663292766
-1.77130353
-1.48198843
-1.06307626
0.195213959
-0.209365547
-1.77286935
-0.920498729
-1.3766793
-1.27152562
-0.416683
-1.51263857
-0.719389498
-0.699477911
-1.59727943
-1.88689435
-2.67314172
-2.21178269
-2.34840846
-1.64752376
-1.4990567
-1.61269343
-1.28536689
-1.86769521
-1.60312963
-1.89149201
-0.974731743
-1.12566757
-1.3931489
-1.6547035
-0.0344442725
-1.47691667
-2.07860136
-1.29544926
-0.841622353
-2.03678465
-2.21593189
-2.04534841
-1.15853989
-1.85019791
-1.63030362
-1.85562289
-2.20433664
-1.02909517
-1.34448385
-2.37469125
-1.24963546
-1.52432656
-1.44408262
-2.36536431
-0.714050472
-1.08583736
-0.660757542
-0.0403153189
-1.08937395
-1.09584475
-1.78467178
-1.07144427
-1.501109
-2.29505849
-2.06981802
-1.30805409
-1.34807801
-1.38524497
-1.37008309
-2.15271068
-1.93413055
-2.48453712
-1.16192639
-0.857424259
-1.72939467
-2.95572972
-1.39508379
-2.04888296
-1.80102444
-0.916607082
-1.32459855
-2.56009769
-2.08146024
-2.8140409
-1.7698245
-1.81062412
-1.05857921
-1.4143306
-1.87009203
-1.40725923
-1.16817236
-1.83676016
-1.35842824
-1.6541276
-1.93588567
-1.41965497
-2.08947587
-1.19792807
-0.701702654
-1.15091491
-1.28246915
-2.22681355
-2.11356425
-1.00999737
0.0243515372
-1.06999576
-1.29923928
-1.07608783
-1.91781294
-1.57668531
-0.677101076
-1.40179741
-1.32884347
-1.18507504
-1.4269805
-2.58418322
-2.57310867
-2.14260507
-2.82460546
-2.0330205
-1.27342713
-1.02337527
-1.43454564
-2.40110326
-2.2196734
-1.59237731
-1.87416744
-1.82261825
-1.93966985
-2.29983521
-0.834676325
-0.459741443
-2.00986505
-1.5368458
-1.56978762
-1.69502413
-2.90087175
-2.1824162
-1.69186521
-2.36129141
-1.49222779
-1.19334972
-1.59807
-0.864566207
-1.5184319
-2.54705119
-1.67102301
-1.33997703
-0.897697389
-1.39791119
-0.380745441
-0.528186262
-0.927960575
-0.453331709
-1.47927785
-1.64585912
-2.48176646
-1.1988802
-1.40984142
-2.48859787
-2.54399729
-1.63079929
-1.63043439
-1.8826586
-1.3242023
-2.62254429
-2.03743482
-3.45512176
-1.11941969
-1.25949931
-1.54191196
-2.53077555
-1.76871347
-1.6813544
-1.28103435
-0.903979659
-1.3604455
-2.90039968
-2.9628942
-2.82450843
-2.43484306
-2.99516797
-1.98299432
-1.74108469
-2.4073503
-1.57604241
-1.41889966
-2.20575428
-1.8782196
-1.94949
-1.65988839
-1.99007595
-1.71752787
-1.22741616
-0.983449101
-0.875220835
-1.87679029
-2.80647826
-2.17138505
-1.68292451
-0.272560537
-1.15411568
-1.4721415
-1.81007409
-1.84752238
-1.37086916
-1.5994612
-1.94470811
-1.67923856
-1.35583687
-1.4240514
-2.50902438
-2.7265408
-1.7507478
-2.31266975
-1.83611047
-2.07266808
-1.85408843
-1.20862794
-2.01545072
-2.09914446
-1.7259047
-1.699283
-1.53151917
-2.26827788
-1.78614545
-1.61805439
-0.666922
-1.54108369
-0.996392965
-1.2508924
-2.21714807
-2.6422081
-3.39447737
-1.46854866
-2.45275545
-1.92112041
-1.22185147
-1.81619644
-1.293908
-1.37380993
-2.95075512
-1.8068037
-1.79003727
-0.534806252
-1.34177089
-0.159797281
-0.441338897
-1.60151529
-0.314969927
-1.36226118
-2.02634692
-2.23736978
-1.63740849
-1.32100511
-2.14513946
-2.45825338
-1.62497389
-1.75644255
-1.46690321
-1.75172746
-2.29395175
-1.73839486
-2.72825789
-1.42930114
-2.09386826
-1.3285892
-1.22290289
-1.45975029
-1.61295152
-1.16229427
-1.63115263
-1.75703764
-2.43681884
-3.55309367
-2.45608282
-2.99456406
-2.22735667
-1.13126612
-1.47933483
-2.71129537
-1.87087786
-1.81131089
-2.04923964
-2.44758368
-1.79413509
-1.65238976
-1.69239378
-1.75262272
-1.47709608
-0.35482204
-0.720305204
-1.52876341
-2.7123332
-2.64561701
-2.04528689
-0.0833794549
-1.3505007
-1.76818848
-1.87494016
-1.58985734
-1.01525319
-1.66325736
-1.86979282
-0.993581414
-0.658476
-1.8115766
-2.72211361
-2.25054312
-2.3313117
-1.74211645
-2.12232399
-2.20473623
-2.16101074
-1.52470553
-2.40674901
-1.73794413
-1.96457756
-1.75075972
-1.52300155
-1.90687954
-2.16821861
-0.60296613
-1.30636275
-1.60074127
-1.44229555
-1.08292592
-2.85336518
-2.44318795
-3.09465599
-1.60342836
-1.3999511
-1.75686228
-2.12882781
-2.14964128
-1.43397164
-1.48274875
-2.2356205
-1.72359252
-2.5630784
-0.791775525
-1.35463941
-0.533372402
-0.49048537
-1.81658077
-0.278504968
-2.24578738
-1.94901061
-1.97486699
-1.36875057
-0.912902415
-2.14671159
-1.35457075
-1.73340416
-1.65771925
-2.51088214
-1.47655809
-1.71413326
-1.78540635
-2.3453238
-1.7393434
-2.12667298
-2.09772968
-0.868685424
-1.41222525
-2.25473
-1.37471247
-1.72635031
-1.66479158
-2.53096867
-2.84365344
-2.93442106
-2.54426765
-2.26096034
-0.732328832
-1.91991639
-3.15422654
-1.52320528
-1.43721271
-1.90376234
-2.0773344
-2.75968695
-1.36279464
-1.66989636
-1.70416141
-1.82846105
-0.663019
-1.17921519
-1.42633474
-1.76945627
-1.72037697
-1.56617093
-0.171969861
-1.51719689
-1.894297
-1.74891138
-1.44415903
-1.65254295
-1.01288581
-1.68803573
-1.38129187
-1.05659521
-2.89420033
-2.61941576
-2.12708879
-2.18938422
-2.26207137
-2.15883851
-2.52271843
-1.65480459
-1.61006391
-1.72226977
-1.76068962
-1.43672705
-2.68274689
-2.49722147
-2.01359153
-1.32641184
-0.172451198
-1.67481875
-2.69148254
-2.51808739
-1.83147097
-2.37179947
-2.34525323
-2.7735877
-1.55970192
-1.24537694
-0.824940681
-1.88431168
-2.22475553
-1.45372581
-1.67806292
-1.82863724
-1.6476866
-2.02451444
-1.01325989
-1.8363713
-0.440332323
-0.0842352733
-0.886876166
-0.473740816
-1.08242846
-1.10577321
-1.0251317
-2.19522309
-1.10766566
-1.84746945
-1.36241674
-2.08341932
-1.41578531
-2.66819024
-1.26550341
-2.12823558
-1.75491083
-1.91251826
-2.10372949
-1.83199859
-1.80887723
-1.89280498
-1.42829585
-1.95893133
-1.95058584
-0.576907754
-1.75099802
-1.89623296
-2.14229512
-4.07715702
-2.44867134
-2.23162341
-0.916815639
-1.45993042
-2.60128927
-1.38992763
-2.04404688
-1.89995265
-2.4595809
-1.87434721
-1.33314884
-0.832985282
-1.89753294
-1.82960653
-1.24412608
-1.28920102
-1.01268888
-1.28203166
-1.32096648
-1.09368992
-0.48402223
-2.15126204
-2.59328938
-2.34571314
-2.04579473
-1.70811367
-0.81152153
-2.64558744
-2.507411
-1.27688384
-2.00222397
-1.92065907
-2.1818347
-2.12968898
-2.66531277
-2.32134843
-1.84193242
-2.14055872
-1.4761914
-1.44942546
-1.17323947
-1.6185962
-2.07254958
-2.04186225
-2.54328847
-2.01932216
-0.553447
-1.68605614
-2.17474198
-1.57296216
-1.33372247
-2.47136259
-3.06956792
-2.29920912
-1.55752707
-1.22163045
-0.724890649
-1.52477264
-2.21317244
-2.60156679
-2.65102243
-2.47756648
-2.15013576
-2.11213303
-1.60871029
-2.2586031
-0.607201219
-0.509117365
-0.388874263
0.115475349
-0.6634655
-1.39793551
-0.879337192
-1.25382602
-0.83930248
-2.40395093
-2.27252197
-2.31104755
-1.70481515
-2.46977925
-1.70810401
-2.17768669
-1.53220606
-1.93252265
-2.48043776
-1.53204417
-1.81577754
-1.88908052
-1.65737617
-2.14261222
-1.39489758
-0.348424494
-1.78842402
-2.50935245
-1.61135375
-2.64297223
-2.49278045
-2.34321237
-1.89884853
-2.5905633
-1.94990516
-1.92069
-1.46789575
-2.30735707
-2.06164145
-1.28274071
-0.993664
-0.374323428
-1.90688217
-1.46561515
-0.460612237
-0.323434621
-0.658887327
-2.28270149
-2.05822682
-1.20700812
-0.107986592
-1.46077776
-1.9805342
-1.6324712
-1.63278437
-1.09740317
-0.97453928
-1.66561937
-1.83706725
-1.04042816
-2.23207235
-2.03188038
-2.83165646
-1.69169474
-2.54892707
-0.923445642
-0.83767426
-2.22978497
-1.58461845
-1.81587601
-1.47061014
-2.35675621
-1.84960806
-1.27033591
-3.22713423
-2.63167405
-1.90463102
-1.67610085
-1.43949413
-1.70302165
-1.47613084
-2.05399346
-2.71384144
-2.49174619
-2.08610654
-1.13796771
-0.87007165
-1.75974095
-1.85655975
-3.3801074
-2.59900594
-2.48632097
-3.31949687
-2.22671103
-2.0442481
-1.99775124
-0.6245
-1.26433706
-0.748077393
0.102318279
-1.44569314
-1.55368125
-1.85248303
-1.92670882
-1.37806928
-1.59366584
-1.87794769
-1.27673745
-1.44014144
-2.5143311
-1.25618482
-1.95835721
-2.05672503
-1.99640763
-1.88093734
-1.83464801
-1.80501437
-1.85374701
-1.78407955
-2.21526432
-1.12624705
-0.628593087
-1.65848947
-1.61964405
-2.0179522
-2.01128364
-2.35326505
-2.14425373
-1.87067056
-2.03898931
-1.83548927
-1.02440763
-1.8470881
-2.24119663
-1.95510781
-2.64350057
-1.11504722
-0.818039536
-2.65684485
-1.03862691
-0.574872136
-0.312850565
-0.796137393
-3.02969813
-2.3459816
-1.67088974
-0.208923832
-2.33362222
-1.80590534
-1.18417728
-1.67851543
-1.76566565
-2.42158484
-1.8680563
-2.30231285
-1.21773231
-2.92151952
-2.51657724
-2.27974963
-1.54496539
-1.99052942
-0.572926342
-1.11069369
-2.40002704
-1.83134162
-2.33226609
-0.94608283
-1.77929521
-2.2556231
-1.7126615
-2.45314598
-2.334553
-1.48980844
-2.30673027
-2.37102604
-2.04851103
-1.95361805
-2.01550961
-3.61321235
-2.51475859
-2.0596087
-1.14982557
-0.275044918
-1.72741055
-1.55874336
-2.58529902
-2.01218438
-2.55481482
-2.35292554
-2.13188601
-1.35456014
-1.31455588
-0.749559
-1.14684248
-0.747881114
-0.118077509
-1.93410623
-1.91204906
-2.53213859
-2.30537677
-0.988397
-1.86859155
-1.37939274
-1.47686839
-1.6321739
-1.86552858
-1.46207225
-1.96298337
-1.77341187
-3.06837058
-2.01552916
-1.45153558
-1.87601268
-2.44906855
-1.74626231
-1.84292865
-1.35779858
-0.453130543
-1.62689114
-1.22343683
-2.90822053
-1.93997204
-2.08300471
-2.47995615
-1.9399544
-1.95028496
-1.55239463
-1.07489753
-1.15882146
-2.68802428
-2.84951019
-2.35656738
-0.653751493
-0.441815883
-1.8202467
-1.1148
-1.38397014
0.163356081
-1.18572783
-1.75700104
-1.6687479
-1.46106899
-0.646512389
-1.2269032
-1.80103993
-2.07229352
-2.66095614
-2.20810151
-1.54356
-2.0773
-2.06492352
-1.99559522
-2.30221
-2.67512274
-2.59619856
-2.54686904
-1.60133302
-1.28959227
-0.954580188
-1.80891526
-2.24737787
-2.19444728
-0.635866702
-1.66294098
-2.17372346
-1.74413145
-2.25479364
-1.66891932
-1.16471696
-2.26439953
-2.50736713
-1.68749547
-2.35731268
-2.26461577
-3.10805821
-2.67633915
-2.07250524
-1.17548645
-0.605313182
-1.80025053
-1.4540422
-2.22119904
-2.05642915
-2.66828275
-2.03632808
-2.22749233
-1.59095824
-1.60974467
-1.89074862
-0.163940057
-0.496433496
0.366016179
-1.06797
-2.06435871
-1.97399092
-2.88732839
-1.35254908
-1.90492249
-1.47690761
-1.8903029
-1.98396301
-2.04253244
-2.4721148
-2.22422147
-1.95857131
-2.17959595
-1.90899897
-1.31448162
-1.95042849
-2.11219406
-1.80218065
-1.26848483
-1.70640934
-0.209521055
-0.654810905
-1.45605946
-2.74877667
-2.46858621
-2.72791195
-2.38729239
-2.01880622
-1.79409885
-1.45837235
-1.98291922
-1.51556015
-2.15766835
-2.88833213
-2.05571222
-0.946828
-0.529816031
-0.931124926
-0.674279034
-0.754876494
0.107586466
-0.753710449
-1.75699234
-2.1001749
-1.82410467
-0.595677853
-1.03174949
-1.68774223
-2.67181635
-1.97777236
-2.34637284
-1.50560009
-2.08059716
-1.76544857
-1.88297427
-2.18028879
-2.42887974
-1.89015174
-3.04282784
-1.61674559
-2.02268195
-1.61095071
-1.85957873
-1.81488395
-1.46017063
-0.847824216
-1.29682565
-1.85397136
-1.57047796
-1.6371125
-1.89891791
-2.00180602
-2.15597129
-2.88802385
-0.877161622
-1.79446018
-1.84530485
-3.04073048
-2.84603953
-2.00123072
-1.11623
-1.7584542
-2.6463151
-1.83858931
-1.59402239
-1.42883027
-2.18952441
-1.54204404
-2.22350693
-1.78713691
-1.79032564
-1.66022217
-0.487745076
-0.431076407
0.683967
0.0614436604
-2.2353158
-1.44737291
-2.01528263
-1.80926967
-2.4110651
-1.8092531
-1.79946613
-1.16613734
-1.64465463
-1.21733594
-2.07188225
-2.46088552
-1.95571864
-1.92060935
-1.44451487
-1.37950885
-1.7340591
-2.14332199
-1.76767659
-0.6716488
-0.482097924
-1.72353518
-1.8550036
-1.85410023
-2.53568912
-2.79475093
-2.14965558
-1.14193296
-1.82977569
-2.51194191
-2.00223494
-2.13321638
-2.12796903
-2.40157914
-1.81588757
-1.59425557
-1.46358669
-0.678606749
-1.63937223
-0.61375618
-0.337452948
-0.917620659
-1.68299675
-2.32692981
-2.41449308
-0.323581725
-0.767677128
-1.87695122
-1.62959993
-1.55465174
-1.97879028
-2.17961335
-2.2665956
-1.46394849
-1.37734759
-2.37197804
-2.86837578
-2.30938196
-2.25345516
-1.77004433
-1.54079366
-1.0760709
-1.75577843
-0.832211316
-0.788863122
-0.17971307
-0.975868106
-1.49403477
-1.12149751
-1.54237688
-1.47076786
-1.58197391
-3.16611695
-3.1683383
-1.43649125
-1.20508838
-1.50006497
-2.54141331
-2.37007761
-2.05129361
-1.69480908
-1.20820987
-2.33029222
-2.12272477
-1.15582728
-1.63237309
-2.8427043
-2.22458029
-1.72699082
-2.0735662
-2.31959701
-1.00744271
-1.1810261
-1.09523487
0.0842522308
-0.222967282
-1.52247047
-1.95155811
-2.26173639
-1.99162138
-1.75753582
-1.7111243
-1.32952273
-1.61133468
-1.35944164
-1.74428165
-1.14712536
-2.44655824
-1.43652189
-3.10844588
-1.27915299
-1.4132725
-1.53255272
-1.88343298
-1.66355491
-0.756253958
-0.507005095
-1.35142219
-2.34263659
-2.12159276
-1.97496295
-2.55294824
-1.84623551
-1.4507556
-1.26589024
-2.54307342
-1.6569351
-1.61968207
-2.02608228
-1.60248828
-1.29601979
-1.08816504
-1.26908231
-1.07361674
-0.894341946
-0.539609671
-0.00416926248
-2.47088099
-2.29741073
-2.2489059
-2.05191731
-0.175248086
-0.914289117
-1.39353478
-1.54704177
-1.60602093
-2.05288768
-1.52200556
-1.88075626
-1.73336697
-1.70351303
-2.37602973
-2.4342525
-2.56699061
-1.46401584
-1.8958199
-0.860429704
-1.1038357
-1.98936093
-1.17144871
-1.57995498
-0.990406871
-1.8641063
-1.17031395
-1.34460533
-1.87366891
-1.95801914
-0.790620148
-2.05570054
-2.69937277
-1.84076476
-1.64328992
-1.74750876
-2.07139325
-1.79176021
-2.25504446
-0.921723664
-0.427451551
-1.28336525
-2.02187228
-1.06764412
-1.2696352
-2.01418352
-1.64116836
-1.51942039
-1.29147732
-2.06836748
-1.07508373
-0.898346066
-1.05028427
0.287835509
-0.969470322
-1.78440905
-1.15273094
-1.08733344
-1.76762593
-1.88133323
-1.91950202
-1.02211046
-1.53942442
-1.13836205
-1.03885746
-1.42076993
-1.78709209
-1.78088677
-2.25390506
-1.56589079
-1.3377049
-0.969275832
-1.39463556
-0.907395124
-1.07746
-0.728972435
-1.07816803
-1.88804281
-2.21261716
-2.29281807
-2.43744159
-1.81940722
-2.06296396
-1.59163189
-2.45908594
-1.43675375
-2.07617855
-2.09907246
-0.725648463
-1.79795599
-0.986586392
-0.566137552
-1.33415902
-1.20719492
-0.367233247
-0.533585548
-2.56850171
-2.30394173
-2.46576834
-2.36845636
-0.759243
-1.4205296
-1.23643136
-2.07871628
-1.76997542
-1.9461261
-1.44239426
-0.956121445
-1.50755489
-1.26342475
-3.11773133
-2.34493327
-2.83324528
-1.47274315
-0.974646926
-0.771752357
-0.960749
-1.89751863
-1.58561683
-1.1681428
-0.337928951
-1.69811094
-1.75417984
-1.32415974
-2.05454111
-1.68905532
-0.497526824
-1.38447154
-2.38268757
-1.40730739
-1.85443711
-1.63736081
-1.39673805
-1.62150168
-1.5334866
-1.26018453
-1.11648154
-1.01263237
-2.46438193
-0.966627598
-1.35233033
-1.09605193
-1.61619902
-1.77420759
-1.75617862
-1.24387789
-0.57520926
-0.249025628
-0.382255465
0.416573733
-0.591607809
-1.31320202
-1.13870084
-1.26289916
-0.720259428
-1.76864779
-1.96496773
-1.04964662
-1.01419151
-1.11240292
-0.588265896
-1.87065816
-1.72066271
-1.97360051
-2.3193326
-1.42265928
-0.885914683
-1.14517307
-0.895562351
-0.953630805
-1.38037431
-0.610124826
-1.43342054
-1.23631799
-2.09342027
-1.99481082
-1.56243598
-2.24742246
-1.61410511
-2.37780452
-2.63732767
-0.882782042
-1.85614705
-1.79312825
-0.513964713
-1.4413352
-0.950383723
-0.475003839
-1.23042452
-0.676103532
-0.098494865
-0.010868689
-1.64050329
-1.67606211
-2.02753758
-1.56195962
-0.835108101
-1.3858006
-1.67636859
-1.02480614
-0.947936654
-1.71541929
-0.603913307
-1.28344953
-1.71689987
-1.5566479
-1.6866014
-2.28841519
-2.65540171
-0.869451284
-0.544297218
-0.498592168
-1.2263869
-2.01310325
-1.40518272
-1.27211559
-0.0201175418
-1.03999758
-2.00370121
-2.08020687
-1.77515113
-1.72108769
-0.438451558
-0.951743722
-1.75299168
-2.16542792
-1.02985525
-1.8433392
-1.67333078
-1.71182883
-1.65461612
-1.40971673
-1.404603
-1.23955882
-1.59808779
-0.502417445
-1.18179572
-1.37348926
-1.66810012
-1.02755177
-1.42943239
-0.673918784
-0.0521745272
0.0588794425
-0.732920587
0.501616299
-0.142782047
-1.0846554
-0.104201056
-0.613963902
-0.791636944
-2.27830267
-0.666440904
-0.66595155
-1.33885729
-1.1836797
-0.716554582
-0.818133712
-1.31375349
-1.69834399
-1.68642139
-1.47389627
-1.24202752
-1.40256882
-0.862714291
-0.82752037
-1.42786717
-0.630804956
-1.81464136
-1.31795049
-1.65977931
-1.07124865
-1.27035475
-1.38633668
-1.37021112
-0.964698315
-1.35397553
-0.892303884
-1.16200781
-1.73080051
-1.29583144
-1.11373091
-0.716907322
-0.835233212
-1.19708216
-0.753508568
-0.479228497
-0.237813145
-1.25108
-1.87658155
-1.0394119
-1.20639336
-0.128518403
-0.585811913
-1.11570275
-0.412600219
-1.00639832
-1.13959467
-0.395484835
-1.87604666
-1.04676235
-2.14819765
-1.68667746
-1.65553796
-2.17948294
-0.662975192
-1.00121009
-0.712618291
-1.27238941
-2.09674716
-1.49174678
-1.72867727
-0.812840223
-1.18629742
-1.81146383
-1.2437495
-1.22900784
-1.09296727
-0.753545344
-0.911266327
-1.63844299
-1.28141665
-1.38389647
-1.72608423
-1.16368592
-1.63675523
-1.38979125
-0.648939073
-0.40383482
-1.39984715
-1.43471205
-0.185218051
-0.827681184
-1.37896669
-1.6901741
-0.610650599
-1.68715382
-0.832710862
0.00835695863
-0.136147738
-0.108051538
1.38555288
0.502331257
-0.549237609
0.225556403
-0.181223631
-0.678555667
-1.51073122
-0.350949973
-0.699622035
-1.46981668
-0.840886831
-0.86598897
-1.19950891
-1.39792931
-0.983788908
-0.72769
-0.606533289
-1.11868119
-0.85350734
-0.322310627
0.150004193
-0.797080815
0.157628402
-1.00397193
-0.660325766
-1.83129323
-2.37794447
-2.003479
-1.07859671
-2.29606223
-1.1550616
-0.987778544
-0.368650317
-1.4070493
-1.84355688
-1.60872936
-2.23607159
-0.941272616
-0.426890492
-1.17753577
-0.182920069
-0.198535144
-0.172460496
-1.52560186
-2.79778218
-1.06313896
-1.15533412
-0.97322762
-0.729463816
-0.744838357
-0.815848
-1.44751847
-1.08790362
-0.0147804981
-1.37239492
-1.24122381
-1.15911818
-1.08170533
-1.63311696
-1.81010151
-1.0059123
-0.956194401
-0.918830216
-1.55221009
-1.79432464
-1.11191547
-1.82618868
-0.807242692
-2.44229746
-1.79086733
-0.92084682
-1.85315728
-1.00139165
-0.535304666
-1.64922
-1.66369116
-1.02596664
-0.965723336
-1.27484262
-1.20445883
-1.52664626
-1.6985898
0.00224968861
0.392683774
-1.08525729
-1.25226426
0.310889751
-0.558597565
-1.63852644
-1.61783719
-1.59050357
-1.51035011
-0.732621372
0.956281304
0.223392919
0.533746243
1.70390224
0.545222223
0.112754405
0.924146414
-0.225189835
-0.137450635
-1.17384517
-0.673342466
-0.586788714
-1.21651125
-0.669680834
-0.671098709
-1.50040972
-1.37114298
-0.452435553
-0.408449918
-1.0605427
-0.588127196
-1.0386399
-0.493871927
-0.0385163
-0.883562505
-0.0947039276
-0.730963528
-0.490804851
-1.8334496
-1.73367453
-1.44545293
-1.09994888
-1.34122789
-1.22714925
-0.790964901
-0.0871657357
-0.9441365
-1.61387813
-0.548554897
-1.44375515
-1.03687513
-0.496400118
-1.38195527
-0.310540199
0.194705248
-0.506174803
-1.07074285
-2.34367537
-1.18533409
-1.49635983
-1.17625093
-1.42611539
-0.288902164
-0.835813
-1.41832912
-1.30237758
-1.13362956
-1.86294103
-1.16846991
-0.649335563
-1.28671777
-1.75270879
-1.3392415
-1.60055733
-0.208452821
-0.123060562
-0.901525855
-1.37987792
-1.61635292
-1.56162632
-0.504214048
-2.32380033
-1.89109707
-0.903706789
-2.34901214
-1.6617918
-0.298004508
-1.0765543
-1.73698246
-0.942437053
-0.536139488
-1.4559
-1.36993706
-1.3068856
-1.30199206
-0.153779194
0.566292524
-0.919323385
-1.27706492
0.757258892
-0.0333240554
-1.46293724
-1.91780305
-1.42884159
-0.858160257
-0.643836558
0.863192379
-0.375132412
0.45239237
1.06085062
0.427933037
-0.216825411
0.262059778
-0.437400103
-0.250599593
-1.90983331
-1.67805195
-1.425717
-1.15010667
-1.15012741
-1.06015158
-0.773669
-1.13227332
-0.931583285
-1.59090984
-1.93449903
-0.77734983
-1.38041162
0.271547168
-0.41341275
-1.21207809
-0.211761251
-1.38068449
-1.55922413
-0.93004179
-1.42011702
-1.71714592
-1.08939588
-1.08601809
-1.28492725
-0.674841046
-0.218415633
-0.514185429
-1.64965177
-0.658543527
-1.52969754
-0.786093771
-0.316134095
-1.0505352
-0.436459184
0.108423777
-0.517063737
-0.855029166
-1.60818326
-1.45930314
-1.4236306
-0.551517725
-0.974695683
-0.42135182
-0.963098884
-2.0079031
-1.71037078
-1.47591925
-1.61133301
-1.64064586
-0.760997117
-2.26806545
-0.856026649
-1.19065118
-0.47007364
-0.335989118
-0.184672311
-0.761447549
-1.4799614
-0.948353767
-0.760824323
0.133702278
-1.39888954
-1.39211106
-1.26233864
-1.86225259
-1.37937021
-0.35519734
-1.50056589
-1.17161846
-1.30586863
-0.989187896
-1.59486985
-1.64133918
-1.47850549
-1.11787021
-0.218289122
0.499711215
-0.825290501
-0.661943197
0.750785232
0.0065689818
-1.93704927
-1.84341788
-1.11833405
-0.579103053
-0.413139075
0.457756937
-0.528824866
0.0592563413
0.413104296
-0.293658614
-0.784939408
-0.152988732
-0.982800722
-0.671392262
-1.0154022
-1.54629409
-0.713467956
-1.5834192
-1.07548046
-1.02170706
-1.10456324
-0.972319126
-0.834250927
-0.969854832
-1.61876738
-0.725977
-1.62853909
0.185591817
-0.59451884
-0.584742308
0.100763977
-1.49876165
-0.386488795
-0.678164423
-1.47757924
-1.04555082
-1.27424347
-1.11792159
-0.935164809
-1.07453275
-0.999358177
-0.233180419
-1.18341482
-0.789625227
-1.78480053
-0.861688197
-0.361014068
-0.610216558
-0.836470366
0.0795846507
-0.778939784
-1.08290839
-1.40076911
-1.08705544
-0.844958663
-0.687635362
-1.00766218
-1.01039827
-1.09849834
-1.3441298
-1.56147718
-1.03943527
-2.00708961
-1.71235168
-1.00840116
-1.6642915
-0.804078221
-1.20525753
-0.766002357
-0.999367
-1.01247501
-1.33093154
-1.86937821
-1.22275043
-1.07488465
-0.46014598
-1.12837875
-0.870452821
-0.993443131
-1.35648
-1.29096651
-0.387654841
-1.49487054
-1.14213157
-1.0036999
-0.835221231
-1.28437948
-1.25801635
-1.91347957
-1.7668407
-0.507726789
-0.735985696
-1.00287437
-1.15911627
-0.0800139681
-0.49134174
-2.32587171
-2.33401656
-1.06243944
-1.35152256
-0.593983
0.471274376
0.171511188
0.0288590137
0.899259508
-1.19382894
-0.51233083
-0.0458645374
-0.713166237
-0.89815253
-0.917185962
-0.929111362
-0.169521019
-1.04987538
-1.29713535
-1.59441388
-0.689322412
-0.997734487
-1.05927813
-0.988926888
-0.410539865
-1.00145316
-1.34920371
-0.156396598
-0.882891119
-0.602282405
0.0983084664
-0.644641638
-0.261752069
-1.58150542
-1.51387143
-1.19047153
-1.10919023
-1.06379342
-0.469447196
-1.33307385
-0.682114184
-0.423422813
-1.47948444
-0.428254604
-1.36625075
-0.959077895
-0.879541516
-0.406248242
-0.0744730458
-0.323511571
-0.0527237095
-0.383537
-1.22187102
-0.18439734
-1.24781263
-0.858182073
-1.21234095
-1.14948261
-1.16087925
-1.16688895
-0.984691739
-0.792243123
-1.75520027
-1.37322044
-0.782807052
-0.986428738
-1.0986259
-1.26677048
-1.40991068
-1.3111465
-1.63936901
-1.28602314
-1.63033915
-1.7674942
-1.34162951
-0.699201465
-1.18702126
-1.22825253
-0.810751319
-0.695539415
-1.49030244
-0.393056244
-1.3268491
-1.51891208
-1.08210742
-0.819124818
-0.994323075
-1.48571098
-1.40564823
-1.4394871
-0.761689246
-0.475740373
-1.39804077
-1.00627971
-0.124291137
-0.822977483
-1.28587365
-1.82533097
-0.84450382
-1.08346319
-0.848205388
0.483488321
0.493186235
-0.36561507
1.3801744
-0.466490567
-0.59132266
0.282161206
-0.444306672
-0.372698724
-1.18973148
-1.27815342
-0.414727867
-0.842811823
-0.852020919
-0.367466241
-1.04890299
-1.10034013
-1.73354876
-0.717431545
-0.380451143
-1.07144427
-1.24597418
-0.0918538421
-0.429871351
-0.395479083
-0.170631647
-0.631329954
-0.600983083
-1.38489044
-1.47080541
-0.756032467
-0.958784521
-1.17461467
-0.46287474
-1.10246658
-1.048931
-1.03457212
-1.59209907
-0.805648148
-0.768116295
-1.02997172
-1.07342505
-0.903305
-0.0783545449
-0.280516773
-0.162956923
-0.692134321
-1.45082486
-0.206019
-0.937047541
-0.084031947
-0.769667149
-0.730034947
-1.72622883
-1.51462221
-0.570884287
-1.59230542
-1.53649485
-0.773715734
-0.284809291
-0.968264
-0.629658
-1.18869865
-0.222084388
-0.739937663
-1.35448694
-1.27302
-1.71981478
-1.48812199
-1.32039344
-1.0386194
-1.59891403
-1.08160162
-0.0924717337
-0.857640088
-1.77442932
-1.66212225
-1.4164021
-1.56134033
-0.915326357
-0.985063076
-0.776611
-1.04071665
-1.03783739
-1.16394985
-0.234810755
0.373351812
-1.24174142
-1.22803223
-0.721547663
-1.11064219
-1.25910854
-2.14718819
-1.36644495
-0.992404401
-0.78397119
0.568129539
0.803384185
0.0154643962
0.913096189
-0.245879292
-0.327359438
-0.16631268
-0.22960937
-0.170039415
-0.663808346
-1.34101653
-0.185425222
-0.60682261
-0.903103352
-0.422357231
-1.52399886
-1.02642965
-1.214939
-0.490921438
-0.597435117
-1.0080874
-1.28015351
-0.526517272
-0.831863046
-0.854157448
-0.774079621
-0.538978457
-0.81503284
-0.933242321
-0.912619948
-0.495541632
-1.07242787
-0.387078106
-0.988087952
-1.02272105
-1.44156027
-1.80507565
-1.2034899
-0.205229774
-0.563939929
-0.328416497
-0.568092704
-0.897967339
-0.251818866
0.269289821
-0.148040637
-0.756458461
-1.71377158
-0.822502375
-1.26943684
-0.127441838
-1.49318564
-1.16808414
-1.17328465
-1.4599551
-0.795393705
-1.18005395
-0.797590256
-0.684668
-0.568452775
-0.884574831
-0.464730561
-1.09751225
0.20831804
-1.07792497
-1.09287524
-1.04527175
-1.15308213
-1.16070831
-1.83338821
-2.03406525
-1.14823341
-0.600080729
-0.349152893
-0.904892504
-1.12094533
-0.0669570342
-0.791419
-1.81634748
-0.609824836
-1.22648311
-0.54961282
-1.04289293
-0.716737926
-0.41637516
-0.057909362
0.278722465
-0.944620192
-0.946571469
0.558674276
-0.00596342841
-1.02185488
-1.37736654
-1.33329213
-0.513707042
-0.7352162
0.735189915
0.85876745
0.424989611
1.11167133
-0.269347817
-0.267628
-0.170996428
-0.375278413
-1.17590797
-0.517660737
-0.752956688
-0.750329912
-1.10758865
-1.1121223
-1.21943021
-1.58390224
-1.59977341
-0.891225874
-0.440569878
-0.491539538
-1.12130058
-1.45863032
-0.0901182443
-0.847880542
-0.289022237
0.281108975
-0.408783
-0.993647099
-1.20809007
-0.785538912
-1.00948167
-1.71616673
-1.06930125
-1.1133666
-0.90340209
-0.518817544
-0.708861113
-1.28481889
-0.389385849
-0.217750356
-0.0280533098
0.409817278
-1.19288349
0.184743181
0.185303241
-1.57461703
-1.52893424
-2.09520197
-1.39195824
-0.936133385
-0.254083902
-1.38091516
-0.830951
-0.887705
-0.96862334
-1.45732784
-0.520878196
-0.967095494
-0.402928
-0.392012179
-1.38874948
-0.345837593
-1.09618938
0.200539187
-0.514720559
-1.11931884
-0.446901798
-0.379144698
-1.48904538
-1.62864828
-0.966080546
-0.724735
-0.478510916
-0.618950367
-1.13818336
-1.04550719
0.457798153
-0.444820225
-1.03824604
-0.963587165
-0.849691451
-0.853751957
-1.07485461
-0.729876101
-0.874024749
-0.181342021
0.295791924
-0.520945668
-1.24022722
0.719873667
0.474081457
-1.03054941
-0.329854339
-0.403911501
-0.146859825
-1.81067681
0.309803426
1.00189304
0.359221
1.18691254
-0.898142099
-0.418055356
-0.0685659125
-0.406555533
-1.08080471
-0.361330062
-0.814312816
-0.873906553
-1.13000345
-1.50335872
-0.783519387
-0.69993484
-1.23080111
-0.876076341
-0.75376
-0.43883732
-1.09940147
-1.41319287
0.0441265814
-0.695712924
-0.543260872
0.653119802
0.109881334
-0.727963328
-0.68013
-0.731836915
-1.35958564
-1.25144506
-1.05593276
-1.33605468
-1.25218797
0.22021693
-0.155519918
-1.45975482
-0.830695808
-0.376921743
-0.102437899
0.378248245
-1.12665915
-0.0399620309
-0.176897213
-0.444392443
-1.42193949
-1.26700664
-1.26356351
-0.470753312
0.345715761
-0.644073129
-0.875207901
-0.802008748
-1.87894666
-1.26054156
-0.59223628
-0.967769086
-0.616260588
-0.860691547
-0.990628481
-0.744623065
-1.04763567
-0.495292187
-0.621453643
-0.201593548
-0.251792103
-0.532910585
-1.45747757
-0.686573088
0.0371912569
-0.682563
-1.05471945
-1.00203967
-0.792980134
-0.908726215
0.129373729
-0.921179533
-1.27862883
-0.703042924
-0.879378438
-1.27754807
-1.09801149
-0.998703301
-0.990247369
0.0264777392
0.418277323
-0.859915733
-1.13675749
-0.368251592
0.411764473
-0.92800647
-1.00195563
-1.16981
-0.581391692
-1.4802829
-0.599693716
0.539873719
0.0356628336
1.1442436
0.248121485
0.156290039
0.359030366
-0.545460284
-0.315828323
-0.65256387
-1.01212645
-0.63111949
-1.71309936
-1.3646605
-0.323515415
-1.0717597
-0.521469712
0.0991765782
-0.5536412
-0.187645435
-0.824132562
-0.801454782
-0.414648712
-1.09026146
-0.698622108
0.513725281
-0.058485847
-0.794235945
-0.643580437
-0.879379392
-1.58383071
-0.445308208
-1.24982452
-1.39035618
-0.644602537
-0.0628525764
-0.760955691
-0.998078227
-0.644081891
-1.17446852
-0.169518635
0.280237228
-1.61922264
-0.0131658148
0.21631363
-0.110259704
-1.19061923
-0.67563206
-0.826220036
-0.324648529
0.814602613
-1.0849483
-0.412573904
-0.982172
-0.945707679
-0.679847717
-0.851528883
-0.905686378
-0.947478652
-0.654919088
-0.570941269
-0.896747351
-0.99021709
0.0798470825
-0.52541846
-0.278562158
-1.22760117
-0.643783212
-0.769985139
-0.843166053
-0.573685706
-1.55188549
-1.26166046
-0.35911274
-0.698313355
-1.34539557
-0.952054262
-1.00594759
-0.82558006
-0.563968062
-0.038050089
-1.077842
-0.907896161
-0.537696
-0.711668789
0.111029349
0.406263381
-1.49413693
-0.85657084
-0.277661324
-0.0860133618
-0.791921377
-0.934029
-1.01362371
-0.466301
-0.67627722
-0.494868457
0.00159672496
0.376968622
1.22862399
0.692953169
-0.0757011697
0.70932734
-0.205529347
-0.0432620123
-0.697354674
-0.621855438
-0.00755990855
-1.56909347
-1.39618945
-0.5094558
-0.761225581
-0.912318707
-0.0460447669
-0.516434371
-0.161192149
-0.841600776
-0.43355006
-0.510611057
-0.993979454
-0.241107717
1.11023259
0.156289026
-0.555891573
-0.329413056
-0.739994943
-1.07805443
-0.291561514
-0.555992067
-0.340153277
-0.65032953
0.348830879
0.280975789
-0.954779744
-0.44612509
-0.449784577
-0.212444052
0.610793233
-0.701138079
0.384367645
0.772214174
-0.196820781
-1.01552463
-1.14024651
-0.985581815
-0.755233
0.275841117
-0.375670105
-0.461626828
-0.851351
-0.981801927
-0.618837953
-1.13895249
-0.793323457
-1.13640797
-0.151275411
-0.568028092
-0.519244552
-1.14137828
0.689165831
-0.143967509
-0.551825762
-0.816424251
-0.696662724
-0.0199981667
-0.210607111
0.0963322744
-0.292574465
-0.676204205
0.0161353499
-0.332169682
-0.804978967
-0.711929798
-0.700514257
-0.837526321
-0.449758053
-0.0994634554
-0.423807174
-0.870594263
-0.488420546
-0.419755489
0.106175624
0.3336685
-0.753091753
-0.449916899
0.556641817
-0.45680809
-1.14209366
-0.720470846
-1.08712375
-0.838211298
-0.659400105
-0.44228819
-0.0786780044
0.296085984
0.918015778
0.151143059
-0.506643534
0.242309719
-0.365815371
-0.838301361
-1.39425719
-0.439678371
0.187280014
-1.84385347
-1.3782382
-0.361212313
-0.413368225
-0.898053885
-1.06212091
-0.211959586
-0.712740421
-1.0439533
-0.894742191
-0.448091596
-0.677850544
-0.191636756
1.69760144
0.33698526
-0.668962717
-0.449604392
-0.951063514
-0.888384521
-0.311855793
-0.690031052
0.0423242413
-0.940068066
0.103694491
-0.306806117
-0.439750969
-0.348355919
-0.410167754
-0.571053326
0.194883421
-0.191438615
0.663121223
1.06568515
0.71123755
-1.23251939
-0.715769768
-0.742133141
-0.885636151
0.226915359
-0.982160449
0.18460907
-0.884532511
-0.773155808
-0.535983384
-1.03887749
-0.686214805
-0.713191807
-0.260216564
-0.814495921
-1.12646699
-1.41054356
0.249754041
-0.32337603
-0.878766596
-1.25196743
-1.35190284
-0.2764422
-0.531616569
0.0762229264
-0.506017745
-0.478777826
0.567948163
0.0123814754
-0.836130619
-0.535925746
-0.34831503
-0.826382101
-0.312345028
-0.214623779
-0.596746564
-0.878494203
-0.595026076
0.255678594
-0.0537649281
0.936462045
-0.247403458
-0.189701632
0.976064086
0.359275639
-0.624165237
-0.717208683
-0.740814567
-0.142853141
-0.856397808
-0.924394071
-1.41927564
0.396744907
1.40593886
0.170936227
-0.0726145878
0.0861313567
-0.492204905
-0.635103703
-1.72978592
-0.252407461
-0.275374919
-1.26055467
-0.933152378
-0.196925864
-0.124981776
-0.0811292
-0.672805846
0.00924059656
-0.148009047
-0.596136212
-1.07979608
-0.132095918
-0.121830277
-0.289150536
1.21515799
0.341902912
-0.673459828
-0.776989758
-1.20316279
-1.03720105
-0.0252542086
-0.864446
-0.251682729
-0.69234544
-0.151575416
-0.3900792
0.357975453
0.112858973
-0.282224268
-0.391489744
-0.0183137283
-0.288892269
0.573053837
0.791682839
0.73079133
-0.564477
-0.409955591
-0.316087484
-0.414351523
0.207318
-1.19886291
-0.0776577517
-0.464107513
-0.473135352
-0.780651391
-0.808147
-0.220450744
-0.400417894
-0.0164801385
-0.723051846
-0.629952729
-1.09136069
-0.553414702
-0.265286028
0.255834788
-0.456426442
-0.799056411
-0.288469493
-0.492218167
-0.0984004736
-0.120392121
-0.432249933
0.785705745
0.0630929396
-0.510151088
-0.110698722
0.152742654
-1.20322466
-0.429235697
-0.762966633
-0.0959082171
-0.832369566
-0.720920444
0.497655511
-0.0667510778
0.523213744
0.0772376508
-0.112522386
0.993593633
-0.0658023655
-1.0380404
-0.694831073
-0.584834516
-0.255257279
-0.0750037804
-0.546456218
0.168226853
0.990566
1.92474461
0.731754303
-0.10728471
-0.0102852806
-0.206489161
-0.390183449
-0.920196772
0.106806725
0.413729668
0.26045844
-0.589347064
0.0169663187
0.0221197102
-0.578526735
-0.341725409
-0.115130693
-0.459372342
-0.488943607
-0.849039793
-0.00196697912
-0.182854801
0.0687117502
1.43313944
0.0672017
-0.344041467
-0.246735111
-1.06219947
-1.1273427
-0.680392325
-0.811998725
-0.189805135
-0.305064231
-0.275832981
-0.308877349
0.037047334
-0.197444364
0.0125122787
-0.225267708
0.345176786
-0.7699821
0.577318907
1.15274167
0.888838232
-0.263039
-0.616786182
-0.51453352
-0.615407825
0.222137794
-0.221675441
0.195833564
-0.698045313
-0.424165756
-0.977656782
-0.373157114
-0.29143557
-0.385664135
-0.33774057
-0.568473697
-0.382561445
-1.19537497
0.205960423
-0.185949266
0.191646755
-0.396185607
-0.359529257
-0.743079901
-0.405638844
-0.575355053
-0.466710597
-0.557074308
0.763009906
0.526475132
-0.476576567
-0.110100657
0.698898315
-1.32094967
-0.0742584
-0.432576537
-0.310163
-1.24755335
-1.02959371
0.21228376
0.143701434
0.981959581
0.608454049
-0.524769068
0.805410087
0.230029374
-0.793456852
-0.559822381
-0.616709769
-0.0914776921
-0.152912185
0.497263968
1.03293455
1.14651811
1.8153106
0.537787318
0.0825099647
0.189242825
-0.25463745
0.288587898
-0.838734627
-0.210885361
0.337039679
0.123295419
-0.267968625
-0.0953572839
0.115408853
-0.467796564
-0.843759596
-0.13555415
0.0578779764
-0.738565326
-0.499737054
0.437932223
0.220497802
0.000269972603
1.32968
-0.0433124304
-0.416748434
0.126698703
-0.557100177
-0.855591774
-0.0694823638
-0.635323107
0.0454503186
-0.126572981
0.0220094025
0.221846655
0.0641979873
-0.00427024
-0.0729431286
-0.255802304
0.375559211
-0.358864397
0.0451174118
0.867106676
0.327069432
-0.623899817
-0.325018287
-0.717153251
-0.0218867827
0.349688709
-0.036204394
0.0343913734
0.0995488539
-0.370740086
-0.448632598
-0.0436546393
-0.465559602
-0.25834161
-0.494593
-0.549989223
-0.561251879
-1.01196
0.372803032
-0.439311057
-0.808178663
-0.365203738
-0.0590394661
-0.727479756
-0.282375336
-0.651592731
-0.0745492727
-0.557918608
1.04392815
0.849215448
-0.627548575
-0.12411277
0.306813151
-0.7367118
0.438083
0.0691326782
-0.491387516
-1.15740418
-0.634167612
0.0312548503
0.407045305
1.15020943
0.596820772
-0.0545165837
0.0197326019
-0.209681362
-0.805168
-0.110400148
-0.115959853
-0.575261474
-0.306755126
0.374776155
0.559593081
0.605635643
1.47925258
0.325485796
-0.30955115
-0.034193337
-0.472876221
-0.318794847
-0.698412
-0.777745962
-0.256762534
-0.177861705
-0.334222525
0.0822066441
0.0204903986
-0.900072694
-1.12621975
-0.0728053525
-0.269689083
-0.442877978
-0.617622137
0.204604328
0.443593502
-0.100796379
0.896797597
0.0418740325
-0.689662
-0.743534923
-0.47755006
-0.325969607
0.019323552
-0.667696
-0.0896652117
0.0895826221
-0.494343787
0.240191489
0.116133407
-0.191071779
-0.34495613
0.35702756
0.218014434
-0.169761941
0.192884669
0.306403309
0.235377774
-0.675523818
0.431564748
0.298480839
-0.167216942
0.83201611
0.024312675
0.10266421
-0.113478035
-0.563913465
-0.516882837
-0.18558611
-0.523568749
-0.643336236
0.144935876
-0.729887426
-0.466887504
-0.726493359
-0.916499376
-0.913948476
-0.637493312
-0.31195125
-0.239886597
-0.950523794
-0.808222532
-0.968427062
-0.331929386
-0.735498369
0.466567278
0.701960683
0.0996320471
-0.205511644
-0.0437940583
0.0587085932
-0.129964814
-0.490485162
-0.844311535
-0.923450232
-0.836622
0.00577898649
0.161598086
0.562593281
-0.191788673
-0.477340579
-0.660648048
-0.481975138
-0.613497794
-0.233836889
-0.422404736
-0.261725813
-0.417945534
0.617873549
0.717584789
-0.051754564
1.02070785
0.537590086
-0.082178168
-0.256983638
-0.428306103
-0.421173155
-0.921330452
-1.10519552
-0.665651441
-0.461880684
-0.93428421
-0.512643397
-0.336580187
-0.129411846
-0.38501516
0.645400822
-0.171608359
-0.802273154
-0.769853115
-0.140192121
0.0917303413
0.41731596
0.686013
-0.575449049
0.058664076
-0.691073656
-0.477940619
-0.535407484
-0.691914618
-0.607834399
-0.139150321
-0.16730924
-0.697353184
0.200060233
0.0561069138
0.186333761
0.129275084
0.33553198
0.206668898
-0.293027431
0.621646821
0.755521417
-0.0726283118
-0.662687
0.384273
0.135719925
0.00877949689
0.650422394
-0.319230139
-0.460120678
-0.629608333
-0.0625209883
-0.0325656235
0.0175916385
-0.554714561
-0.333237886
-0.097596854
-0.749729872
-0.228082106
-0.74188149
-0.791474938
-0.364796102
0.170697257
0.00593281724
-0.332991034
-1.08572543
-0.887687266
-1.01885247
-0.647952735
-0.315921
0.820369
1.02543283
0.165985465
-0.469448149
-0.102334686
-0.392882407
-0.576150715
-0.691947937
-0.361432523
-0.68455416
-0.58191824
-0.19302091
0.218899205
0.600183368
-0.853571892
-0.545692742
-0.864513338
-0.332875133
-0.436559081
-0.160920948
-0.79435271
-0.502953589
0.179861769
1.35694826
1.15132022
0.959091663
1.70684195
0.647624493
0.0841962397
0.400740325
0.4824965
0.107498147
-0.853394628
-0.939624727
-0.286496967
-0.38216126
-0.23465161
-0.0399456546
-0.0289277732
0.143008471
0.118853539
1.15402317
-0.252435893
-0.120551609
-1.17564118
-1.26274991
-0.780495286
0.154285207
-0.612286389
-0.512585044
-0.367536217
-0.505702794
-0.437992603
-0.154679596
-0.830315411
-0.50543344
-0.813427389
-0.0277440343
-0.431066215
0.119857982
0.153452098
-0.363669157
-0.314830601
-0.404907048
-0.951223493
-0.854979813
0.981185079
0.778952658
0.490582496
-0.627346873
0.062715359
-0.0969294757
0.0679859668
1.07291615
-0.280255854
-0.419639409
-0.47005111
-0.580770791
-0.892388701
-0.407426268
-0.652522862
-0.104370736
-0.295716584
-0.9200297
-0.189460859
-0.857541919
0.00940310769
-0.318177044
-0.431254596
-0.405150682
-0.173022851
-0.60321027
-0.794412732
-0.611614943
-0.849481225
-0.397289544
0.689671755
0.758541703
-0.348809868
-0.542898715
-0.16391933
-0.620664358
-0.71424526
-0.614918768
0.00425718725
-0.768486202
-0.518182337
-0.679453492
-0.362082392
0.76052016
-0.605668426
-0.506132245
0.666543603
0.657743692
-0.830840826
-0.721974373
-0.339031309
-0.269487083
0.458986521
1.69539404
1.11268425
0.765009224
1.13392937
0.512634337
0.289518267
0.557189941
0.208098024
0.117914103
-0.145729139
-0.622436702
-0.773005486
-0.549244106
-0.387592465
-0.152492091
-0.137067854
-0.0108962879
-0.0405447073
0.884025
-0.434381396
0.314166099
-0.758102119
-0.576444745
-0.76483494
0.492762446
0.585991502
-0.297124863
0.231347635
-0.188179404
-0.210894629
-0.44033584
-0.179050565
-0.1804865
-0.511853218
-0.534926653
0.291551799
0.264100164
0.124559402
-0.222049937
-0.720415592
0.216889113
-0.67933476
-0.596886277
0.61811924
0.372712851
0.0065049096
-0.814391553
0.244348377
0.17622377
-0.0895557627
0.211574897
-0.428542137
-0.597954571
0.0164656155
-0.429708242
-0.629516602
-0.758640885
0.129262507
-0.223961443
0.0195154119
-0.188937008
0.13268441
-0.695538223
0.519916832
-0.449612796
-0.33405751
-0.11641784
0.154330269
-0.137093425
-0.555674732
-1.19237685
-1.25838089
-0.656233251
0.322624773
0.154654473
-0.535929143
0.0778360069
-0.258897662
-0.313921779
-1.4354564
-0.367420197
0.133656383
-0.578716755
-0.814132035
-0.505255818
-0.0572157465
0.6106686
-0.0752228871
0.04271302
0.939047575
0.359517127
-0.778330207
-0.582119465
-0.549158633
-0.130263045
0.596559286
1.36074138
0.752352834
0.910226941
1.5914197
0.549449801
0.519245088
0.568511426
-0.0118798744
-0.450578362
-0.359247446
-0.26435402
-0.908947766
-0.07924027
-0.172200963
-0.440896481
0.297169805
-0.0259336438
0.059468545
0.833587766
-0.30141446
-0.289236784
-0.66779536
-0.182318494
-0.417143673
0.825136781
0.970513225
0.375488698
0.107199401
-0.342342257
-0.258781433
-0.187236235
-0.0119476728
-0.272356391
0.0823913
-0.408379048
0.232045382
0.192020282
-0.0415410735
-0.616993606
-0.174898654
-0.3295362
-0.317625225
-0.690480351
0.329053611
0.678992927
-0.285276532
-0.751903534
0.13095066
-0.0458307154
-0.092418395
0.566769838
-0.047618445
-0.45449549
0.0422032252
-0.312575042
-0.455810308
-0.349170387
-0.317092836
-0.523301363
0.152203783
-0.122494012
-0.775801599
-0.420996696
-0.207753658
-0.856121182
-0.72900629
-0.534476042
-0.398785561
-0.614576757
0.124386467
-1.08993769
-0.593423069
-0.717955768
-0.781416655
0.0323521197
-0.340842575
0.165657237
-0.126224533
-0.227577776
-0.836235166
-0.561412573
-1.04105496
-0.703491807
-1.24214125
0.0359151885
-0.244129747
-0.137313589
-0.73603344
-0.435392499
0.489883453
-0.18871367
-0.677001953
-0.354723781
-0.237053141
-0.48241204
0.112903915
1.23146403
0.803345144
0.669674695
1.24972105
-0.596273184
0.0932985172
0.292435825
-0.117101848
-0.304636031
-0.623477876
-0.528260231
-0.331647307
0.0280805305
-0.493740678
-0.381641567
-0.650206327
-0.67284447
-0.244282678
0.652603
-0.518866
-0.472448021
-0.772357
-0.226578191
-0.838506222
1.18463647
1.2529285
0.0644211
-0.0353604071
-0.715565801
-0.250937819
-0.262180686
-0.0376531556
0.0718962327
0.302416533
-0.218746141
-0.635195732
0.174597189
0.573152244
-0.532196879
-0.00877439696
-0.107798837
-0.391251326
-0.518768847
0.241500393
0.531941175
-0.432128727
-1.22671437
-0.638513863
-0.343285561
-0.410686284
0.572220743
-0.207630709
-0.512460351
-0.243212104
-0.940703273
-0.516251802
-0.390820235
-0.99383682
-0.836777806
-0.709780276
-0.335829705
-0.710930943
-0.506571531
-0.315574795
-0.108522467
-0.0250509735
-0.347949982
-0.11645326
-0.320893228
0.160726905
-0.745616436
-0.0414563231
-0.330918431
-0.0557790957
0.332815707
0.248948038
-0.269606471
-0.314868
-0.416293919
-0.937384427
-0.00881829299
-0.264359087
-0.701257288
-1.25274074
-0.0705573708
-0.120293297
-0.409426212
-0.633827567
-0.758209288
0.543834031
0.0233910233
-0.590472877
-0.513131559
-0.676113963
-0.618477881
-0.0183242913
1.41986
1.04584682
0.65152967
1.0525136
-0.125724509
-0.325481176
0.0548458584
-0.10750775
-0.730088472
-0.493091643
0.0121702235
-0.0793859
-0.166129604
-0.478762656
-0.254504532
-0.646137
-0.861936569
-0.315563947
0.693415
-0.38012889
-1.21436524
-0.726404
-0.372240961
-0.208756104
1.48409975
1.04900563
0.213799521
0.21866414
-0.258807629
-0.296879977
-0.404619277
-0.249920934
-0.373043895
-0.0133659812
-0.268747896
-0.140203431
0.547592402
0.284182131
-0.328513145
-0.30425027
-0.0651416779
-0.156437561
-0.437882423
0.199597925
0.667606711
0.474508822
-0.730862677
-0.855471134
-0.659402192
0.0461962856
0.902879238
-0.194677472
0.17784372
-0.20063597
-0.776636064
-0.44355
-0.314995229
-0.296041965
-0.255204737
-0.491341919
-0.529818
0.0358260497
-0.272878855
-0.204094321
-0.0178399067
0.487149
-0.483670413
0.0802519
-0.123414725
0.0837161392
-0.506258786
-0.986304879
-0.0720668
-0.210793
-0.22643967
-0.668322921
-0.156259164
0.142749399
-0.472790718
-0.555899799
-0.267246038
-0.0306477789
-0.724552035
-0.453778267
-0.0090996325
-0.351149321
-0.0700623617
-0.785092711
-0.384790957
0.303405613
-0.0263187848
-0.228884637
-0.250660688
-0.589809775
-0.26253444
-0.0437995382
1.40406096
0.191227973
0.818426549
1.00831842
0.440125555
0.0143854441
0.46330151
0.53817755
-0.103307083
-0.668885827
0.281396955
0.0513507426
-0.610856771
-0.0860917643
-0.372358978
-0.186000749
-0.364530534
-0.110971138
0.963787436
-0.167662516
-1.11617339
-0.79918009
-0.682105243
0.143767819
1.21080565
1.27684844
0.358304799
-0.0738435686
-0.301546127
-0.45989275
-0.525756
-0.0372135788
-0.490927279
-0.0210672077
-0.224736482
0.149451435
0.0450008363
0.313103706
-0.51130414
-0.648872674
-0.489207506
-0.237685293
-0.206629112
0.595822334
0.511030316
0.44354248
-0.395951867
-0.111250028
-0.10549593
0.106978871
0.635985136
-0.123535521
0.0482033193
-0.584740818
-0.342091769
-0.677653074
-0.542464793
0.0720595196
0.0441455096
-0.0991605222
-0.248406976
-0.08264108
-0.637490869
-0.350750059
-0.111598976
0.244979724
-0.442578971
-0.104246624
-0.295692176
-0.424205929
-0.481660753
-0.185433701
-0.329387426
0.343303382
0.0353723317
-0.545175254
-0.54704082
0.272644818
-0.265865356
-0.430539459
-0.259717256
-0.158530056
-0.59688735
-0.331888735
-0.319276094
-0.180589095
-0.0866149217
-0.420658857
-0.755279958
0.607278943
0.334294647
-0.342541814
-0.185321137
-0.490287364
-0.830593
-0.0144970724
1.04691958
0.765036345
0.995381355
1.23790812
0.400242686
0.0887365714
0.301993608
0.380476952
0.14127028
-0.116383687
0.360471487
0.557238102
-0.22277084
-0.426878303
-0.295427084
-0.690869689
-0.519336462
-0.0201378558
1.12409639
0.663963258
-0.449985802
0.0131508606
-0.709748864
-0.439705193
0.83976084
0.951733232
0.4768444
0.273143798
-0.1690308
-0.521240294
-0.939227
0.371002
-0.0578959733
0.000125161925
-0.515959263
0.277708083
0.503630161
0.234727427
0.00327016064
-0.498501778
0.195304275
0.387168258
-0.00459563127
0.934902191
0.583656073
0.285673261
-0.110524625
-0.167773828
-0.0883616209
0.0207930747
0.495377034
0.112978444
-0.381885499
-0.256516844
-0.619631648
-0.661219537
-0.363257259
-0.410864174
0.00360208913
0.112709455
-0.209635422
0.18952
-0.145892575
0.15379633
-0.129239678
0.054874517
-0.36690253
-0.0843562111
0.0103260558
-0.561937
-0.521838665
0.0775605962
-0.231687084
0.612220883
0.519392848
-0.148296326
-0.755703211
0.104597665
0.00474114064
0.000382588623
0.32105872
-0.301714033
-0.0655297488
-0.101145715
-0.13020283
0.416187495
0.410161316
-0.113350399
-0.222074494
0.927151799
0.306911826
-0.220464692
-0.201930836
-0.20020245
0.0489080697
0.302893937
1.34805334
1.49261558
1.82062805
2.16144371
0.708783388
-0.278416783
0.373945028
0.445999831
0.0948352069
-0.200119734
-0.101738244
0.849351645
-0.190166801
-0.648225307
0.00798190478
-0.115464874
-0.290396899
0.111834481
0.69760257
0.125373691
-0.531121731
0.00818671379
-0.02600809
0.0797366798
1.23871195
1.24833918
0.332617074
0.372885585
0.0121857692
-0.215833589
-0.377165139
-0.289618701
0.0463463
0.452070534
-0.259409636
-0.173005909
0.134582311
0.394656122
-0.155085355
-0.700252116
0.519153118
0.558158636
0.00864985865
0.451492667
0.395118535
0.330199838
-0.12569803
0.112713717
-0.0126585076
-0.449391
0.358208477
-0.152288422
0.453498125
0.149019957
-0.475075811
-0.305639327
-0.635021925
0.114893466
0.208267629
-0.432964027
-0.491256416
-0.488746405
-0.688547254
-0.445228219
-0.316335559
-0.700584173
0.11852356
0.362984896
-0.181939781
0.0120862518
-0.0716092
0.0293132681
0.383866
0.80100733
0.492739081
0.00565512339
0.0212289449
0.519599915
-0.234023124
0.0918031
0.111150116
0.104989171
0.0169319771
-0.463907838
-0.153910294
0.82290411
0.959607363
0.247331098
-0.0504224561
0.70448041
0.185171202
-0.566854715
0.197178304
0.0689724758
-0.228323549
0.636253834
2.157516
1.96900964
2.03380394
2.36534572
0.66581744
0.400852084
0.662167728
0.684776127
0.432136655
-0.62419486
0.0398076065
0.494819641
-0.452744484
-0.51719892
-0.207934737
-0.117912516
-0.0768428072
0.0817048177
0.309113741
0.580400884
-0.0501810722
0.268589437
-0.157249436
0.272850722
1.11479449
1.47837186
0.47626856
0.11536362
-0.0286441129
-0.00357048586
-0.297060788
-0.0704092458
0.227414787
0.356958359
0.260382116
0.05408068
0.675402164
0.615629792
0.0557462
0.0287464317
0.576224327
0.41440773
-0.106203973
0.626483
0.783465564
0.419654757
-0.00874451268
0.233229771
-0.0023299756
-0.696940184
0.429632843
0.139500871
0.0817237273
-0.298443139
-0.383259416
-0.00446133129
0.0775931329
-0.187514991
-0.179493546
-0.167996317
-0.566338122
-0.0340274349
-0.117046431
0.337401539
-0.212387294
-0.350652933
0.0749068111
0.218805894
-0.283833057
0.00427166885
0.138805926
-0.220559508
-0.111073919
0.577030182
0.719263673
0.350078553
0.227365613
0.482999504
-0.200650454
-0.0915858373
0.21500361
0.709151268
0.00779538834
-0.476643175
-0.39545837
0.84348911
1.24228573
-0.115109816
-0.534883082
0.329529077
0.0761583
0.0449557
0.00889943
-0.83126694
-0.357981
0.656762183
1.70613575
1.28094172
1.66527236
1.89049959
0.574571729
0.6552338
0.668892562
1.09341872
0.958797812
-0.244061843
-0.0101771299
0.0901672095
0.159088224
-0.28418535
-0.161070868
-0.12550886
-0.203953177
0.21449621
0.0998467579
0.724565148
-0.444380313
0.0812854171
-0.0826379135
0.767878532
0.975499332
1.167786
0.617123544
0.637695253
-0.040016003
-0.10881184
-0.0671296343
0.43127948
0.0966100395
-0.149680778
-0.130552948
0.311290562
0.304600954
0.343811333
0.146676153
0.146266237
0.590755
0.176287025
-0.0177196525
0.703849077
0.630039275
0.282952845
-0.243439227
-0.450253189
0.361081332
-0.273753077
0.392936
-0.0101165548
0.227786779
0.169616863
-0.389236
0.0732541
-0.106127948
-0.0365660638
-0.365249902
0.115163147
-0.320531577
-0.161651716
-0.22168085
1.22283971
0.646568656
0.207413703
-0.369988352
-0.113739274
-0.633294761
0.0782602727
-0.447808474
0.0702265278
-0.516149938
0.521971226
0.698546231
-0.0856633
-0.380601436
-0.658660412
-0.865253747
-0.461619258
0.514574647
0.402488321
-0.187608331
-0.426857322
-0.087189205
0.317891866
0.748541534
0.193274051
-0.155071303
0.809999526
0.182304606
0.185893074
0.0600004978
-0.0360191911
-0.0309860501
0.595988333
1.82785714
0.956159413
1.7079041
2.0297792
0.671364784
0.996522844
0.83873421
1.05693293
0.734039843
-0.206587866
0.311407119
0.199953839
0.0245428979
-0.185604334
-0.00754543534
0.341250122
-0.18183589
-0.0997156501
0.273774534
-0.137474492
-0.494706571
-0.190636352
-0.133934736
0.163105905
1.0352366
0.74964422
0.406028956
0.597315252
-0.140912056
-0.418227106
-0.385833
0.402888387
-0.155400231
-0.338998824
0.395734549
-0.162522972
0.156000733
0.547489047
0.465899229
0.13005811
0.210445508
0.392995417
-0.236084059
0.859587073
0.998134494
1.00022447
-0.0750874355
-0.430407703
0.161840871
0.412676811
1.22570813
0.0202259459
0.529063225
0.201064736
-0.0758194178
-0.166330129
-0.0652855933
0.0526530892
0.0731565952
0.55654192
-0.378349066
-0.0663483217
-0.190787315
1.06502521
0.286704779
-0.105204
-0.192973986
0.304963261
0.157934546
0.0582272448
-0.614762247
0.0681512356
-0.230526179
0.263931721
0.409630775
0.106480777
-0.0337955952
-0.551887572
-0.478809506
0.033920981
0.705131412
0.0800640956
-0.49707979
-0.327852249
0.470611095
0.176393151
-0.0120848529
0.509994
0.0245706961
0.782815039
-0.298722625
-0.178986549
-0.330585241
0.182331428
-0.103047974
0.464092135
1.58670402
0.875419199
1.46748793
1.61056817
0.849371552
0.933265328
0.649585426
0.679280221
0.98449111
-0.33375749
0.341451436
0.599484682
0.593068063
-0.134213015
0.10157568
-0.0247481875
-0.0109152682
-0.236888438
0.695313036
0.445854634
-0.593043804
-0.456202745
0.0156516
0.53259021
1.03278863
1.16500282
0.605098665
0.574548542
0.0493589826
-0.19622618
-0.0495837405
0.0885575488
-0.0156707335
0.175638601
0.437555313
0.106524505
0.359126061
0.772324324
0.00371231115
0.148269936
0.85343343
0.522634
-0.138490245
1.07464206
1.16117787
1.08298314
0.253406
-0.199055821
-0.242024988
0.0706653744
0.796275377
-0.230535164
0.000126949832
-0.461840302
-0.310711324
-0.213727787
-0.374055743
-0.222009659
0.0451862365
0.357926607
-0.204607308
0.069195874
0.0983717889
1.0883888
0.161873415
0.123191074
-0.122400701
-0.0309797786
-0.0465170965
-0.549307227
-0.46364069
-0.186978564
0.128380612
-0.157802612
0.00774760032
0.396586746
0.212855399
0.34949103
-0.0142013319
-0.043585714
0.583265305
-0.318680733
-0.256594867
-0.432642698
0.246693045
0.294586837
-0.548214734
0.0140336845
0.156902835
0.966489613
0.436114132
-0.754063487
-0.553555608
0.042705711
-0.161528826
0.45385012
0.692807436
0.734341919
0.838253
1.20036697
0.11498262
0.641868889
0.290490031
0.328733236
0.342965603
-0.621302187
0.201357871
0.22127977
0.430741698
-0.145517886
0.0917983204
0.217442572
-0.329630107
-0.066596888
0.676226556
0.176653057
-0.264193147
-0.142469138
0.141720831
0.158675522
0.911488652
0.749966264
0.267416537
0.23118712
-0.460439146
-0.222761095
-0.215075523
-0.161673725
-0.499027789
-0.303736478
0.306724638
0.0797015652
0.471309185
0.736681819
-0.00708605163
0.394247919
0.998754859
1.10929382
-0.115226187
1.02057695
1.07487047
0.86553359
-0.331088185
-0.198930293
0.0256152507
-0.269240856
0.570316195
-0.293230385
0.303354353
0.0406684801
0.216191947
-0.640799642
-0.648258388
-0.186955214
0.145414069
-0.214655891
-0.326619536
0.142254755
-0.117413953
0.948382854
0.0926439464
-0.0330578089
-0.255476564
-0.118113197
0.135783836
0.0261671394
0.390326291
0.156986
0.0889624655
0.0630628318
0.00525237108
0.433101416
0.418271273
0.443608731
-0.724893
0.330768
-0.0275945216
-0.0769003555
-0.203488216
-1.14201593
-0.0618200526
-0.467548549
-0.831709623
-0.505052865
-0.582500339
0.508672118
-0.300825
-0.477415502
-0.150148883
-0.219971851
-0.492851406
0.554794
1.49988329
0.423996687
1.37933874
1.72525656
0.988970041
0.467221022
0.565799
0.666485727
0.450447202
-0.62552315
-0.20652917
0.170484766
0.506654382
-0.108096756
-0.152344912
0.0982719585
0.0671712756
0.254251689
0.791634
0.309598863
-0.0662501082
-0.440171361
-0.138372093
0.0719072148
0.467560589
0.391581744
0.193406314
0.534920752
-0.156462803
-0.109662376
-0.0976239368
-0.149359763
-0.500409603
-0.0158397928
-0.188229933
0.156010225
0.383156866
0.50935179
-0.220901132
-0.0807734728
0.887789667
0.77780062
-0.159135237
0.695562303
0.771780849
0.527914703
-0.481417716
-0.439911932
-0.371137351
0.335732877
0.897146225
0.195433423
0.344154805
0.157187298
-0.336869657
-0.544477522
-0.509931743
-0.17282708
-0.130424529
0.370072693
-0.647123575
0.148344219
-0.0344810411
0.716056
0.201278046
0.231914178
-0.64754945
-0.152317569
-0.279301465
-0.122430615
-0.304181278
-0.479002625
-0.655695677
0.316015184
0.257323414
0.127595827
-0.0997883677
-0.616096795
-0.485141337
0.124744
0.870410144
0.277419746
-0.116765842
-0.350656271
0.353936404
0.312921524
0.315546781
-0.10062743
-0.662799478
0.15552035
-0.136238858
0.14051567
0.147067472
-0.0630802065
0.000496979221
0.602493882
1.40686512
0.369005084
1.09545684
1.58988106
0.758032143
0.331332624
0.342787534
0.626770258
0.573868394
0.110354677
-0.00457569165
0.194077492
0.956477523
-0.444898188
-0.206064567
0.290925503
-0.245715395
0.0297302809
0.916127324
-0.0697622523
0.0912534148
-0.525833726
0.109839581
0.310367197
0.638726413
1.54342496
-0.158496186
-0.279511422
-0.0908793211
-0.184696347
-0.112992823
-0.125296772
-0.642700434
-0.545843661
-0.0235922672
-0.380864859
-0.0243414771
0.505017161
-0.0212088712
-1.15633675e-05
0.974182844
0.727956235
0.240927845
1.15722322
1.21429181
1.35751605
0.0348268859
-0.0218004566
-0.0226516034
0.192069456
0.514699101
-0.165535942
0.146213412
0.0346531421
-0.0852103382
-0.795379281
-0.35607186
0.278615654
-0.191421494
0.152414545
-0.432740927
-0.102020063
-0.19278878
0.587112
0.25159511
0.278905421
-0.0560460389
0.450920284
-0.766173184
-0.243190154
-0.518508434
-0.396542728
-0.684880674
-0.0981604606
-0.403392375
-0.079552
0.0905016735
0.200371623
-0.69201082
0.0404187
0.438521266
0.247709155
-0.408102274
-0.110428102
0.305405676
0.361309171
0.78351891
-0.221378043
-0.0335069709
0.410392255
-0.0289091822
-0.0829945579
0.230667695
-0.0210913159
0.0933189467
0.0527139306
0.678496659
1.29046023
1.37171865
1.97885239
0.893556237
0.389055222
0.218740299
0.372390151
0.520504355
-0.362731785
0.316102862
0.261357874
0.814497054
0.0607887581
0.0897106752
0.148089722
-0.346958339
-0.355166763
0.964395285
0.17799139
0.166712642
-0.531443119
0.230174169
0.594106674
0.795094
1.18698955
0.272651076
0.01574466
0.326647371
-0.0315202139
-0.285089701
-0.583447337
-0.210607782
-0.0447260924
0.203560174
-0.671704113
-0.0357730426
1.14043379
0.288988948
0.415542036
0.748188257
0.988006
0.354461521
1.40884149
1.3847059
1.52319634
0.154550284
0.44196561
0.44976294
-0.0732930601
0.412311047
0.0910671204
-0.0290987846
-0.0895977542
0.116644651
-0.190824762
-0.136156067
0.408612192
0.250151396
0.025368074
-0.0407452174
0.583031178
-0.0817699358
0.159908608
0.407340586
0.00142746558
-0.079581067
0.204509303
-0.554464
-0.731006384
-0.500487149
-0.185362518
-0.448604524
0.418447644
0.0475966334
0.200217247
0.675168514
0.467073262
-0.304798752
0.226863593
0.323059499
-0.0480107218
-0.014272009
-0.464968532
0.186749145
-0.0678644851
0.469427705
-0.672343969
-0.312877953
0.473854125
0.146821097
-0.264857203
0.0986999646
0.271202028
0.0652331412
-0.00251956028
1.36759984
1.79801345
2.12564135
2.508461
0.749127209
0.624184906
0.330717534
0.569157243
0.718269765
-0.244245544
0.0193388704
0.0756582
-0.119962074
-0.220908105
-0.118797496
-0.208465859
-0.144561306
-0.207793206
0.355556607
-0.246132553
-0.23147577
-0.352134496
-0.0960463956
0.554959357
1.25692546
1.36288249
0.812056065
0.648184478
-0.0459726825
0.258877218
0.187489167
0.59028405
0.210804343
-0.23512575
0.101320624
-0.600079894
-0.0708664134
1.18511212
0.685788333
0.875014484
1.10100031
0.543890834
-0.0896650329
1.23197067
1.49719465
1.24245477
0.378287464
0.183584601
0.200168058
0.45246464
1.09565079
-0.351394743
0.0428111367
0.113438725
-0.0203760434
-0.117437951
-0.136586875
0.126365632
0.137965128
0.123665027
0.0402713455
-0.125974759
-0.683679581
-0.00742418878
0.278798461
0.409753561
0.139369071
0.278840452
-0.0529369824
-0.421337545
-0.0706640705
-0.0934072956
-0.0385122113
0.266534
0.145780116
-0.3284868
0.231417343
0.0872119069
-0.114922784