1696341470336 0.2978080213069916 0
1696341472297 0.5207861065864563 1
1696341474244 0.5963718891143799 2
1696341476150 0.646258533000946 3
1696341478119 0.692365825176239 4
1696341480123 0.7226001620292664 5
1696341482094 0.7362055778503418 6
1696341484083 0.7634164690971375 7
1696341486124 0.7649282217025757 8
1696341488069 0.7777777910232544 9
1696341490051 0.8034769296646118 10
1696341491970 0.8095238208770752 11
1696341493944 0.8110355138778687 12
1696341495853 0.8216175436973572 13
1696341497879 0.8329554200172424 14
1696341499859 0.8367347121238708 15
1696341501936 0.8382464051246643 16
1696341503944 0.8405140042304993 17
1696341505968 0.8541194200515747 18
1696341507933 0.8541194200515747 19
1696341509797 0.8624338507652283 20
1696341511665 0.8684807419776917 21
1696341513523 0.863189697265625 22
1696341515380 0.8730158805847168 23
1696341517290 0.8767951726913452 24
1696341519151 0.8745275735855103 25
1696341521017 0.8722600340843201 26
1696341522906 0.884353756904602 27
1696341524762 0.8911564350128174 28
1696341526710 0.896447479724884 29
1696341528590 0.9047619104385376 30
1696341530478 0.8979591727256775 31
1696341532330 0.8866212964057922 32
1696341534220 0.896447479724884 33
1696341536131 0.9032502174377441 34
1696341538003 0.9024943113327026 35
1696341539851 0.9047619104385376 36
1696341541725 0.8972033262252808 37
1696341543647 0.9115646481513977 38
1696341545511 0.9092970490455627 39
1696341547404 0.9115646481513977 40
1696341549251 0.920634925365448 41
1696341551146 0.9123204946517944 42
1696341553010 0.9176114797592163 43
1696341554896 0.9259259104728699 44
1696341556750 0.9191232323646545 45
1696341558637 0.9236583709716797 46
1696341560462 0.9259259104728699 47
1696341562337 0.9274376630783081 48
1696341564215 0.9251700639724731 49
