1696341470336 2.0245614051818848 0
1696341472297 1.5202568769454956 1
1696341474244 1.2784688472747803 2
1696341476150 1.1166422367095947 3
1696341478119 1.0072427988052368 4
1696341480123 0.9299666881561279 5
1696341482094 0.8620816469192505 6
1696341484083 0.8108718395233154 7
1696341486124 0.7759698033332825 8
1696341488069 0.7385631799697876 9
1696341490051 0.6980030536651611 10
1696341491970 0.6717508435249329 11
1696341493944 0.6662334203720093 12
1696341495853 0.6365525722503662 13
1696341497879 0.6049066781997681 14
1696341499859 0.5940591096878052 15
1696341501936 0.580321729183197 16
1696341503944 0.5672337412834167 17
1696341505968 0.5489025115966797 18
1696341507933 0.5362054705619812 19
1696341509797 0.5157168507575989 20
1696341511665 0.5015029907226562 21
1696341513523 0.49403977394104004 22
1696341515380 0.48600584268569946 23
1696341517290 0.4753655195236206 24
1696341519151 0.4678977131843567 25
1696341521017 0.4616464376449585 26
1696341522906 0.4486199915409088 27
1696341524762 0.43178877234458923 28
1696341526710 0.42311087250709534 29
1696341528590 0.42203038930892944 30
1696341530478 0.4195564389228821 31
1696341532330 0.4144267141819 32
1696341534220 0.4017464220523834 33
1696341536131 0.3926830291748047 34
1696341538003 0.39220356941223145 35
1696341539851 0.37757110595703125 36
1696341541725 0.3853411078453064 37
1696341543647 0.3722381293773651 38
1696341545511 0.3686683177947998 39
1696341547404 0.3688146770000458 40
1696341549251 0.3489050567150116 41
1696341551146 0.3508404791355133 42
1696341553010 0.3422241806983948 43
1696341554896 0.32479387521743774 44
1696341556750 0.34463581442832947 45
1696341558637 0.3234879970550537 46
1696341560462 0.3218832015991211 47
1696341562337 0.3209579586982727 48
1696341564215 0.31858187913894653 49
