1696341470336 0.0010000000474974513 0
1696341472297 0.0010000000474974513 1
1696341474244 0.0010000000474974513 2
1696341476150 0.0010000000474974513 3
1696341478119 0.0010000000474974513 4
1696341480123 0.0010000000474974513 5
1696341482094 0.0010000000474974513 6
1696341484083 0.0010000000474974513 7
1696341486124 0.0010000000474974513 8
1696341488069 0.0010000000474974513 9
1696341490051 0.0010000000474974513 10
1696341491970 0.0010000000474974513 11
1696341493944 0.0010000000474974513 12
1696341495853 0.0010000000474974513 13
1696341497879 0.0010000000474974513 14
1696341499859 0.0010000000474974513 15
1696341501936 0.0010000000474974513 16
1696341503944 0.0010000000474974513 17
1696341505968 0.0010000000474974513 18
1696341507933 0.0010000000474974513 19
1696341509797 0.0010000000474974513 20
1696341511665 0.0010000000474974513 21
1696341513523 0.0010000000474974513 22
1696341515380 0.0010000000474974513 23
1696341517290 0.0010000000474974513 24
1696341519151 0.0010000000474974513 25
1696341521017 0.0010000000474974513 26
1696341522906 0.0010000000474974513 27
1696341524762 0.0010000000474974513 28
1696341526710 0.0010000000474974513 29
1696341528590 0.0010000000474974513 30
1696341530478 0.0010000000474974513 31
1696341532330 0.0010000000474974513 32
1696341534220 0.0010000000474974513 33
1696341536131 0.0010000000474974513 34
1696341538003 0.0010000000474974513 35
1696341539851 0.0010000000474974513 36
1696341541725 0.0010000000474974513 37
1696341543647 0.0010000000474974513 38
1696341545511 0.0010000000474974513 39
1696341547404 0.0010000000474974513 40
1696341549251 0.0010000000474974513 41
1696341551146 0.0010000000474974513 42
1696341553010 0.0010000000474974513 43
1696341554896 0.0010000000474974513 44
1696341556750 0.0010000000474974513 45
1696341558637 0.0010000000474974513 46
1696341560462 0.0010000000474974513 47
1696341562337 0.0010000000474974513 48
1696341564215 0.0010000000474974513 49
